540
0,-48.444883732286854,-47.658204087504636,1
19,2.8114353787843718,0
1,-47.263742997969075,-36.74448543359998,1
20,2.1294119663943185,0
2,-48.648199442832464,-33.4923399632365,3
21,4.266455164966533,0
3,2.3802018427987095,0
4,4.84773948628641,0
3,-48.573006305561066,-31.11332613297623,1
2,2.3802018427987095,0
4,-47.59351665877019,-28.760720541526524,2
2,4.84773948628641,0
5,3.8109998612338414,0
5,-48.010327937951224,-24.97258270086235,1
4,3.8109998612338414,0
6,-47.71952628681068,5.667419857590918,1
25,2.984523204217644,0
7,-47.98186545179883,7.683426025602586,1
25,4.045674998047275,0
8,-48.15317233194307,11.49184802147454,1
26,4.78692340067318,0
9,-47.93586573437052,13.338314210905644,3
27,4.248931548515441,0
10,3.74880264339183,0
29,4.5166580522399045,0
10,-47.49958917187779,17.06164390623496,2
9,3.74880264339183,0
11,2.126862188403335,0
11,-47.582630488149775,19.186884341633185,1
10,2.126862188403335,0
12,-48.17958013927704,22.457150713518892,1
30,4.300436722922366,0
13,-47.77059326067245,25.347858803300806,2
31,4.431895706182662,0
14,3.455177604013746,0
14,-47.59351665877019,28.798495868008846,2
13,3.455177604013746,0
16,4.528852495865827,0
15,-48.15709900711834,31.02022044875296,2
33,4.512960702514684,0
35,4.189260018237872,0
16,-48.779754834777854,33.169233096336825,1
14,4.528852495865827,0
17,-48.59527718578142,45.97131885922721,1
36,4.263123127196947,0
18,-48.2423967251245,47.93919831640631,1
36,3.1406861431596833,0
19,-45.641420043306375,-47.446637942650625,2
0,2.8114353787843718,0
37,2.843908634179593,0
20,-45.174899603042704,-37.15816235354572,2
38,3.1890208735021166,0
1,2.1294119663943185,0
21,-44.473863374842516,-34.37413249334085,4
38,3.04762286869944,0
2,4.266455164966533,0
22,2.7674780292268255,0
40,4.1838074711419635,0
22,-44.82069052778979,-31.62847308834691,2
21,2.7674780292268255,0
23,3.4954135349164246,0
23,-45.70514506779297,-28.246808417397897,1
22,3.4954135349164246,0
24,-45.858020495230775,-25.12049433082678,1
41,4.831770396764151,0
25,-44.76777059699267,5.226378925090801,3
75,4.71622785397347,0
6,2.984523204217644,0
7,4.045674998047275,0
26,-45.15833604003413,7.75746839045447,2
45,4.182041823028766,0
8,4.78692340067318,0
27,-44.76777059699267,10.506955437367289,3
46,2.403139525800844,0
9,4.248931548515441,0
28,3.3606447640139248,0
28,-45.33356959535364,13.819628787299022,1
27,3.3606447640139248,0
29,-45.82467003106776,17.331189448528217,2
9,4.5166580522399045,0
31,4.523908898492678,0
30,-45.0231638536202,19.536398714546795,3
49,3.3968382600111404,0
12,4.300436722922366,0
51,4.985390316377324,0
31,-45.11565991402504,21.79919307160109,3
29,4.523908898492678,0
13,4.431895706182662,0
32,3.011203725777721,0
32,-45.696600410235504,24.753826046777593,1
31,3.011203725777721,0
33,-45.21533131243512,27.59782112474648,4
52,3.3583374471011926,0
15,4.512960702514684,0
34,2.825555705135852,0
54,3.9917787314123676,0
34,-45.108342043228376,30.42135053651119,1
33,2.825555705135852,0
35,-45.21533131243512,34.00282037682319,1
15,4.189260018237872,0
36,-45.14868169134356,48.48034223404103,3
55,3.2651994624296083,0
17,4.263123127196947,0
18,3.1406861431596833,0
37,-42.94821836225201,-48.36013727200296,3
19,2.843908634179593,0
56,3.5606259224893897,0
57,4.824889661635703,0
38,-42.10565779791752,-36.29236279631314,5
59,4.089224657572436,0
20,3.1890208735021166,0
21,3.04762286869944,0
39,2.4497968650292354,0
61,4.103817491267306,0
39,-42.60437991563586,-33.89386724092731,1
38,2.4497968650292354,0
40,-41.852530348348374,-31.11332613297623,1
21,4.1838074711419635,0
41,-42.27888095612489,-28.366378698245818,3
62,4.4443454886933536,0
24,4.831770396764151,0
42,2.41498091788663,0
42,-42.81366072934195,-26.011353554449162,1
41,2.41498091788663,0
43,-41.650333963077806,-11.592135918583333,1
68,3.4406421118058375,0
44,-41.72191108402527,-5.459822731743604,2
70,3.9695988560148665,0
72,4.188193513422529,0
45,-41.595569721525194,5.567452415795824,2
74,3.508677465125691,0
26,4.182041823028766,0
46,-43.06380236812074,8.812384147789489,5
75,4.811943282286942,0
27,2.403139525800844,0
47,2.770398622103129,0
48,4.977771638510565,0
77,4.13569728888492,0
47,-41.5823970327648,11.153440908683995,1
46,2.770398622103129,0
48,-42.10512657400457,13.696967160384924,2
46,4.977771638510565,0
49,3.33583753742313,0
49,-42.813142977152395,16.956802255747085,3
48,3.33583753742313,0
30,3.3968382600111404,0
50,3.3214481113345697,0
50,-42.25505403463446,20.231028009803637,2
49,3.3214481113345697,0
52,4.932673157144003,0
51,-41.757706219543294,23.303480217073343,1
30,4.985390316377324,0
52,-42.95528632589773,25.11374643435785,3
50,4.932673157144003,0
33,3.3583374471011926,0
53,3.708472923568968,0
53,-42.457481320896946,28.788656174996433,1
52,3.708472923568968,0
54,-42.66037816061558,30.6648248470402,1
33,3.9917787314123676,0
55,-41.9373199483944,47.889848131298976,2
78,2.869366856375437,0
36,3.2651994624296083,0
56,-39.568272488905706,-47.24030565378854,3
37,3.5606259224893897,0
79,3.709831673718925,0
80,3.7351110641325316,0
57,-39.30000502537833,-45.20259080431382,3
37,4.824889661635703,0
58,3.343659154236034,0
81,4.508667397196259,0
58,-39.122928423476075,-41.863623835809165,3
57,3.343659154236034,0
59,2.6186344501114664,0
82,2.614346524667493,0
59,-39.28159716223987,-39.24980084741655,4
58,2.6186344501114664,0
38,4.089224657572436,0
60,2.595469281370932,0
83,3.9102936039198504,0
60,-38.940553684128,-36.67683560540929,1
59,2.595469281370932,0
61,-39.446007629002956,-33.1670501750504,2
38,4.103817491267306,0
86,4.778662890792108,0
62,-39.28212838615282,-31.648402594751566,3
84,3.946229056165799,0
41,4.4443454886933536,0
63,3.6362219031145835,0
63,-38.9944466904941,-28.023578603069602,1
62,3.6362219031145835,0
64,-40.30916659948374,-26.011353554449162,1
86,4.1606325620674225,0
65,-39.376105030090784,-22.69838716281867,3
87,3.779032444887306,0
66,2.9386070829019437,0
89,3.984268863573554,0
66,-39.686510771824224,-19.776220182103778,3
65,2.9386070829019437,0
67,2.4178809837070374,0
90,4.3499224110948225,0
67,-40.097102478191694,-17.393456471192778,3
66,2.4178809837070374,0
68,3.8682740797916986,0
91,4.275658800855172,0
68,-38.93417680777859,-13.704127502195496,5
67,3.8682740797916986,0
43,3.4406421118058375,0
69,2.5142506115477996,0
70,4.757219836400123,0
92,3.065986390832023,0
69,-39.455351544360184,-11.244486668330195,2
68,2.5142506115477996,0
93,3.9999978287939864,0
70,-40.14980369268326,-9.104845835615833,4
68,4.757219836400123,0
44,3.9695988560148665,0
71,3.6700121377987553,0
94,4.306373732047259,0
71,-40.21096167170136,-5.435343308951952,2
70,3.6700121377987553,0
95,4.651533180120677,0
72,-39.09685944018353,-2.196378420431044,3
44,4.188193513422529,0
73,2.650716986748632,0
96,2.9980094904970196,0
73,-40.097102478191694,0.2583750109249334,3
72,2.650716986748632,0
74,2.994866337517409,0
75,4.7992932347104125,0
74,-39.1137905366297,3.0872125822917527,2
73,2.994866337517409,0
45,3.508677465125691,0
75,-40.05456805073866,5.057479758189611,5
73,4.7992932347104125,0
25,4.71622785397347,0
46,4.811943282286942,0
76,3.2406819963126594,0
99,4.896651277295203,0
76,-39.455351544360184,8.242281067487976,2
75,3.2406819963126594,0
100,4.591990465269263,0
77,-40.17761120753835,11.774459881099855,1
46,4.13569728888492,0
78,-39.068724412487704,47.82332138598544,2
101,3.7547479974400937,0
55,2.869366856375437,0
79,-36.19631669993277,-48.78716220969154,2
56,3.709831673718925,0
103,3.6828246891901686,0
80,-36.53844126511503,-45.05600315258859,2
56,3.7351110641325316,0
104,3.9330745990996547,0
81,-35.96962535091025,-42.16340457730661,3
57,4.508667397196259,0
105,2.6500717149778015,0
106,4.917159512986439,0
82,-37.30822750236832,-39.98169176531043,1
58,2.614346524667493,0
83,-36.16927143744621,-36.88256096695574,1
59,3.9102936039198504,0
84,-36.019491520011854,-33.868295484830966,3
106,3.940636750639556,0
62,3.946229056165799,0
85,3.4700211126164735,0
85,-36.49977190047283,-30.431672538078104,4
84,3.4700211126164735,0
87,4.62624780819031,0
108,3.4583862281299713,0
109,4.926166298977524,0
86,-37.30822750236832,-28.893232776751827,2
61,4.778662890792108,0
64,4.1606325620674225,0
87,-37.340815927176365,-25.882517261773287,4
85,4.62624780819031,0
65,3.779032444887306,0
88,2.7236761270894845,0
110,4.948254778653944,0
88,-37.14268871004434,-23.166056834837402,1
87,2.7236761270894845,0
89,-36.019491520011854,-20.551868092044476,1
65,3.984268863573554,0
90,-36.07485226049586,-17.351813495903137,1
66,4.3499224110948225,0
91,-37.340815927176365,-14.124795792868655,1
67,4.275658800855172,0
92,-36.70431136774858,-11.599852646544043,1
68,3.065986390832023,0
93,-36.49977190047283,-8.549207165385221,1
69,3.9999978287939864,0
94,-37.48033224805406,-5.72567775362051,1
70,4.306373732047259,0
95,-36.96020167855012,-2.108284488809013,2
71,4.651533180120677,0
97,4.562155367612891,0
96,-36.65941498889579,-0.4508339632496142,2
72,2.9980094904970196,0
111,3.95048481534065,0
97,-36.35010229249567,2.4128923864498057,4
95,4.562155367612891,0
98,3.997878340503717,0
112,3.306006464280153,0
121,4.5053662967295045,0
98,-36.17091727872939,6.406753169740872,3
97,3.997878340503717,0
113,3.596587418431298,0
123,4.862477471694552,0
99,-36.20547152481896,8.084301468431173,2
75,4.896651277295203,0
114,4.081999908184183,0
100,-36.44243214908381,11.70763720368686,1
76,4.591990465269263,0
101,-36.167234349634434,45.44015375876235,2
128,4.493213552047008,0
78,3.7547479974400937,0
102,-36.45806775047516,47.945497396435535,1
115,4.126320495429232,0
103,-33.84825016834109,-45.94994856695547,1
79,3.6828246891901686,0
104,-34.30731785249827,-41.81699649625763,1
80,3.9330745990996547,0
105,-34.34730239624755,-40.06794560006561,1
81,2.6500717149778015,0
106,-34.45535924673754,-37.485215200859066,3
81,4.917159512986439,0
84,3.940636750639556,0
107,4.118906945489302,0
107,-33.98689308560283,-33.39303560051505,1
106,4.118906945489302,0
108,-34.502744869153844,-27.6081431263134,3
85,3.4583862281299713,0
117,3.9317772292267343,0
118,4.366924449420183,0
109,-34.25002096214348,-26.049237698782928,2
85,4.926166298977524,0
119,4.267641749675629,0
110,-34.12474966630097,-22.12191316666695,2
87,4.948254778653944,0
120,3.3498250432466077,0
111,-34.41102742073414,2.7974091956861833,2
96,3.95048481534065,0
122,4.180654339566303,0
112,-34.56382499139759,5.194778822924866,1
97,3.306006464280153,0
113,-33.11180879747069,8.298127368123987,2
98,3.596587418431298,0
124,3.7168662941026254,0
114,-34.40629431634785,11.748409084609191,1
99,4.081999908184183,0
115,-34.34255474185828,44.40274062502544,2
127,3.242690340331116,0
102,4.126320495429232,0
116,-33.96986894865567,47.73206616050393,1
128,3.3451891085079035,0
117,-30.574545561244292,-27.440445846655148,2
108,3.9317772292267343,0
131,3.688513057555691,0
118,-30.929951796225748,-25.09713161598917,2
108,4.366924449420183,0
132,3.814983401109683,0
119,-30.984763309066068,-23.301355138957298,2
109,4.267641749675629,0
133,4.5847976866125535,0
120,-31.707022972244225,-19.803308963011748,1
110,3.3498250432466077,0
121,-31.850814690053706,2.6468507977501483,3
97,4.5053662967295045,0
134,3.8182520161941116,0
135,4.940484270290864,0
122,-31.707022972244225,5.985861900287789,2
111,4.180654339566303,0
136,3.7120630949429434,0
123,-31.524608398026942,7.840455003401761,2
98,4.862477471694552,0
137,4.290708415667269,0
124,-31.631829834972834,11.70763720368686,2
113,3.7168662941026254,0
138,4.224512852012273,0
125,-30.62627120488941,19.312425881748396,2
139,2.488261203193786,0
141,3.6561342930261955,0
126,-30.811540150858704,39.54977279876739,2
142,4.73365691349518,0
127,3.3335135516294794,0
127,-31.519543082283125,42.80723261402096,2
126,3.3335135516294794,0
115,3.242690340331116,0
128,-31.67630379154499,45.296938023882014,3
144,4.3199920895026676,0
101,4.493213552047008,0
116,3.3451891085079035,0
129,-31.069151467362992,47.58401425665297,1
145,4.398076608506398,0
130,-27.774606765428878,-36.64478974660481,1
147,2.8420722127865585,0
131,-28.201191344811676,-24.61691643489044,1
117,3.688513057555691,0
132,-28.47769084277156,-22.17471573748961,1
118,3.814983401109683,0
133,-28.102718577759035,-19.735659134821052,1
119,4.5847976866125535,0
134,-28.081987383031958,2.034487189248146,3
121,3.8182520161941116,0
148,1.961071274972338,0
149,3.9907708465358467,0
135,-27.828810776417246,5.515974242930653,3
121,4.940484270290864,0
150,4.051281992906232,0
163,4.640993715038518,0
136,-28.409896120721264,7.69125538737623,2
122,3.7120630949429434,0
151,4.736042627839967,0
137,-28.489613443256,10.873437748620214,2
123,4.290708415667269,0
152,4.805596758538084,0
138,-27.819672889570874,13.528067993483734,3
124,4.224512852012273,0
139,4.124882626977188,0
153,3.613275654854512,0
139,-28.91676616786818,17.504378220950034,4
138,4.124882626977188,0
125,2.488261203193786,0
140,2.5523289993635414,0
154,4.8498995258288,0
140,-28.855686045624427,20.055976257408517,2
139,2.5523289993635414,0
155,4.467454455318249,0
141,-28.852774379780282,22.50961636402655,1
125,3.6561342930261955,0
142,-27.774606765428878,35.91872014324965,3
167,4.812437277735695,0
126,4.73365691349518,0
143,3.0986922227892,0
143,-28.409896120721264,38.95159022398612,1
142,3.0986922227892,0
144,-28.606084096475623,42.25784561374148,2
157,3.863850554656868,0
128,4.3199920895026676,0
145,-28.032282037340934,44.40274062502544,2
158,3.8238217692411713,0
129,4.398076608506398,0
146,-27.819672889570874,48.794848270991906,1
159,4.827201089246519,0
147,-25.00528136465254,-37.283703893660935,2
130,2.8420722127865585,0
161,2.62147056775067,0
148,-26.122625897532508,2.116359740588752,2
134,1.961071274972338,0
162,3.774467163050813,0
149,-25.42209264383358,5.009585830628836,2
134,3.9907708465358467,0
164,4.218609135925806,0
150,-25.935706081053727,9.097739226627782,2
135,4.051281992906232,0
165,3.667187021169427,0
151,-24.911353877760142,10.88348062174392,1
136,4.736042627839967,0
152,-24.87311670257561,14.038040651089947,1
137,4.805596758538084,0
153,-25.337704485536655,16.15401426089671,1
138,3.613275654854512,0
154,-24.641220562176564,19.79375262988483,2
139,4.8498995258288,0
166,3.112747121976699,0
155,-25.39363015768118,22.879505669173227,1
140,4.467454455318249,0
156,-26.09331461287783,36.33600095474032,1
167,3.0801563208866707,0
157,-25.925672596442098,39.47490916114142,2
167,3.687401285900486,0
144,3.863850554656868,0
158,-25.20565425341401,41.82751475259113,2
168,3.1670636391425204,0
145,3.8238217692411713,0
159,-25.34363616087543,44.65104416435584,4
169,4.043067689491107,0
146,4.827201089246519,0
160,3.0146186741574876,0
171,3.5346077454046076,0
160,-26.059964148714812,47.579320101561386,1
159,3.0146186741574876,0
161,-22.38522321381152,-37.197661905105555,2
147,2.62147056775067,0
172,2.460387359462613,0
162,-22.45565975422962,3.010765503550512,2
148,3.774467163050813,0
191,4.949606450722822,0
163,-23.19058044354479,5.676105571061299,4
135,4.640993715038518,0
173,4.632385930436024,0
174,3.0607251683009586,0
175,3.9278961022881296,0
164,-22.50483115841472,8.056920480352826,2
149,4.218609135925806,0
176,4.217091179767507,0
165,-22.95902527294621,11.23961504349436,1
150,3.667187021169427,0
166,-23.2990964857678,22.60229275046316,2
154,3.112747121976699,0
177,4.283204812466868,0
167,-23.108365116117852,37.095895330881156,4
178,4.637895931776983,0
142,4.812437277735695,0
156,3.0801563208866707,0
157,3.687401285900486,0
168,-22.842554619726588,39.71894836386986,2
179,3.960370897625193,0
158,3.1670636391425204,0
169,-22.524101028488165,41.753352327903784,4
180,3.995898968075955,0
159,4.043067689491107,0
170,3.9530698761791774,0
182,4.888632939610227,0
170,-21.817691150411857,45.642792715686,2
169,3.9530698761791774,0
183,2.7634598323595845,0
171,-22.90636428289418,47.210957777483436,1
159,3.5346077454046076,0
172,-19.962876410522266,-36.76668403653486,2
161,2.460387359462613,0
186,3.980155637120887,0
173,-20.068502522996535,2.253879852829563,2
163,4.632385930436024,0
192,4.462007502909526,0
174,-20.132373903319948,5.5519632608002984,2
163,3.0607251683009586,0
193,4.902949746843053,0
175,-20.367051031780083,8.406682332712569,2
163,3.9278961022881296,0
194,4.36349375502835,0
176,-19.26429505423073,10.755583811699093,1
164,4.217091179767507,0
177,-19.028448880322014,22.930031206613016,3
166,4.283204812466868,0
195,2.146971610987886,0
211,4.447958145425418,0
178,-19.89533708892725,33.75126836057772,2
196,2.9478074636537133,0
167,4.637895931776983,0
179,-19.561693802046815,37.500730623933094,2
196,4.447688641437772,0
168,3.960370897625193,0
180,-19.696577337346017,38.929822916139074,4
197,3.7428343107569324,0
169,3.995898968075955,0
181,4.165361107732322,0
199,4.110329662676077,0
181,-19.133675789907624,43.05697387118064,2
180,4.165361107732322,0
200,3.107474396025262,0
182,-19.332153557830583,45.45608150552464,2
169,4.888632939610227,0
201,4.1937318675076805,0
183,-20.289862168385714,47.945497396435535,1
170,2.7634598323595845,0
184,-16.843289328752107,-45.30755516883406,2
185,2.9773248662529292,0
202,4.08438664095168,0
185,-16.18380501564284,-42.40418750352351,4
186,3.1649589928765733,0
184,2.9773248662529292,0
203,2.8401760313226174,0
215,4.427869796020144,0
186,-16.913387573696493,-39.32446759457494,4
172,3.980155637120887,0
185,3.1649589928765733,0
204,4.08257596139601,0
205,2.797319695620192,0
187,-16.170632326882444,-27.821774561019023,1
206,2.5925774030991033,0
188,-17.589375913420692,-25.396138920723512,1
206,2.7421911639870835,0
189,-16.843289328752107,-23.110263119503816,2
206,3.1778772291409676,0
190,3.426958510233192,0
190,-17.30884449155524,-19.715074903624313,1
189,3.426958510233192,0
191,-17.508867184074038,2.843890445826215,3
162,4.949606450722822,0
208,3.7042747951732418,0
209,3.9441617045876285,0
192,-17.62272637758371,5.985861900287789,2
173,4.462007502909526,0
210,3.9048789819777068,0
193,-16.585396410142728,8.936910362744818,1
174,4.902949746843053,0
194,-16.585396410142728,10.58364491227618,1
175,4.36349375502835,0
195,-16.92304192238706,22.50961636402655,1
177,2.146971610987886,0
196,-16.951267686287828,33.899673869959614,3
212,2.246768928463914,0
178,2.9478074636537133,0
179,4.447688641437772,0
197,-17.45508436114798,35.932404374221015,3
212,3.3013513981225127,0
180,3.7428343107569324,0
198,3.621304772619887,0
198,-16.66070275739891,39.46550586212433,1
197,3.621304772619887,0
199,-17.071807677162543,42.092953353989394,1
180,4.110329662676077,0
200,-16.880365796377973,45.19683162229681,1
181,3.107474396025262,0
201,-16.73816439028211,48.75132158406074,1
182,4.1937318675076805,0
202,-13.522412101896238,-47.68536691010682,1
184,4.08438664095168,0
203,-14.542611970145334,-44.72217915068493,1
185,2.8401760313226174,0
204,-14.156507783023349,-42.33562024768746,3
186,4.08257596139601,0
214,3.723707248098196,0
216,3.702847680892043,0
205,-14.116076073630934,-39.31769625012843,1
186,2.797319695620192,0
206,-14.853936022304934,-25.588443319896914,4
218,4.288742672386178,0
187,2.5925774030991033,0
188,2.7421911639870835,0
189,3.1778772291409676,0
207,-13.578999055516787,-23.301355138957298,1
218,1.959821517111032,0
208,-13.870363680270467,3.5388321778907788,3
191,3.7042747951732418,0
219,2.6686890929194274,0
220,3.3449549982200564,0
209,-14.7380389868009,5.650832314325041,2
191,3.9441617045876285,0
221,4.307184818499075,0
210,-14.435776047600065,8.242281067487976,2
192,3.9048789819777068,0
222,4.022936992903768,0
211,-14.58259651389461,22.793179464248595,3
177,4.447958145425418,0
223,4.313833525377952,0
224,3.883133425956547,0
212,-14.712924244604952,34.094068455753934,3
225,2.8901400503321772,0
196,2.246768928463914,0
197,3.3013513981225127,0
213,-10.83343029484064,-48.095095562729114,1
214,3.245100567750394,0
214,-11.468719650133025,-44.91278741770825,3
204,3.723707248098196,0
213,3.245100567750394,0
226,4.095107929727197,0
215,-11.822792126616491,-41.637638410344515,4
185,4.427869796020144,0
227,4.740141732063445,0
228,3.461122767512659,0
229,3.2862660761949023,0
216,-11.332978371258639,-39.94004879002079,1
204,3.702847680892043,0
217,-11.911597909192045,-24.931422471841323,1
218,2.2895254101612,0
218,-11.730924004161981,-22.649036977711333,4
231,4.333935857057373,0
206,4.288742672386178,0
207,1.959821517111032,0
217,2.2895254101612,0
219,-11.22005742671312,3.2261370595695293,4
208,2.6686890929194274,0
238,4.398802700725535,0
239,3.253898737247808,0
240,3.914027196307207,0
220,-11.447289979001889,5.844789197945127,2
208,3.3449549982200564,0
241,3.430538200871934,0
221,-11.140810912443719,8.019754272044509,2
209,4.307184818499075,0
242,3.388832285483307,0
222,-11.398657791485178,10.880449892117529,1
210,4.022936992903768,0
223,-11.536514372183321,19.738585666274414,2
211,4.313833525377952,0
243,3.4814993620204624,0
224,-10.705259566480935,22.581086560072524,2
211,3.883133425956547,0
256,4.355900812246889,0
225,-11.822792126616491,34.08729711130742,2
244,4.141290616868791,0
212,2.8901400503321772,0
226,-8.303147147467973,-47.51068265933858,1
214,4.095107929727197,0
227,-8.712984960418618,-45.21507366889411,4
215,4.740141732063445,0
245,4.9819410730158875,0
246,2.601021167587058,0
247,4.592379338442876,0
228,-8.37270109345799,-41.913759171450586,3
215,3.461122767512659,0
248,2.6851281774124836,0
261,4.908744397582573,0
229,-9.105521809529309,-39.789399587187084,1
215,3.2862660761949023,0
230,-9.088068497427342,-23.298708028900293,1
231,4.015326546245073,0
231,-8.999262714851788,-19.28436364831191,3
233,4.507671333083174,0
218,4.333935857057373,0
230,4.015326546245073,0
232,-8.038035910771763,-17.327463237451184,1
233,2.510732273854192,0
233,-8.303147147467973,-14.830766903663182,4
234,3.8294044904600293,0
231,4.507671333083174,0
232,2.510732273854192,0
250,3.970377027894351,0
234,-8.409777561083855,-11.002847272003246,3
235,2.7866421115039928,0
233,3.8294044904600293,0
251,4.630042991554853,0
235,-8.89555314661592,-8.258872720716662,3
236,2.771943763009444,0
234,2.7866421115039928,0
252,4.446796609566224,0
236,-8.053218723443893,-5.61801207599752,3
237,2.52324689301775,0
235,2.771943763009444,0
253,3.036900535110783,0
237,-8.89555314661592,-3.2395151551117314,3
238,2.5529162797582607,0
236,2.52324689301775,0
254,3.3079536140618275,0
238,-9.262579395936058,-0.7131198448396531,3
219,4.398802700725535,0
237,2.5529162797582607,0
255,3.8986121695124343,0
239,-8.114808174848614,2.253879852829563,1
219,3.253898737247808,0
240,-8.097647764339408,5.586257139935724,1
219,3.914027196307207,0
241,-8.601219441868425,7.760115500511477,1
220,3.430538200871934,0
242,-9.07293338472126,10.704538581719024,1
221,3.388832285483307,0
243,-8.994529610465491,22.117482738226716,1
223,3.4814993620204624,0
244,-8.190114522104793,36.07574912104883,2
257,3.712328114870291,0
225,4.141290616868791,0
245,-5.112093749317621,-48.65793865910477,4
227,4.9819410730158875,0
259,2.2083232029664916,0
260,3.846491338488102,0
279,4.593905703696156,0
246,-6.112843692144582,-45.14742384070341,1
227,2.601021167587058,0
247,-5.889455548653908,-41.593246830259126,1
227,4.592379338442876,0
248,-6.220065129090474,-40.30874461262378,1
228,2.6851281774124836,0
249,-5.440948371061065,-19.137554891019278,1
251,4.955105842599765,0
250,-5.238358832286778,-17.35484422552953,1
233,3.970377027894351,0
251,-5.058200742951521,-14.197253466557118,2
234,4.630042991554853,0
249,4.955105842599765,0
252,-6.24940397295655,-11.832651482418552,2
235,4.446796609566224,0
264,4.113378693417272,0
253,-6.421508718642293,-8.179317860238543,1
236,3.036900535110783,0
254,-6.421508718642293,-5.435343308951952,2
237,3.3079536140618275,0
266,4.1206330418303505,0
255,-5.657150039229003,-2.196378420431044,3
238,3.8986121695124343,0
267,4.527215131948102,0
268,2.9122603884552123,0
256,-6.383347787010812,23.124179974330612,3
224,4.355900812246889,0
269,4.262252929319971,0
270,4.743842493303338,0
257,-5.1104479080344465,34.00282037682319,4
272,4.103430975517693,0
244,3.712328114870291,0
258,2.6244430460268973,0
274,3.4232864151896547,0
258,-5.1104479080344465,36.627263422850085,2
257,2.6244430460268973,0
275,4.6547090891056895,0
259,-2.976701743707774,-48.095095562729114,1
245,2.2083232029664916,0
260,-2.795740514872966,-45.5871076135502,1
245,3.846491338488102,0
261,-3.4717288545971643,-41.637638410344515,4
228,4.908744397582573,0
280,4.431586812472313,0
281,3.849280268152419,0
282,3.89560910614314,0
262,-3.284248964636062,-20.402178875253515,1
263,3.7827043584647315,0
263,-2.805394863563533,-16.649906095532657,3
265,4.588063008344715,0
262,3.7827043584647315,0
283,4.490738202505274,0
264,-2.8338573497159296,-14.124795792868655,1
252,4.113378693417272,0
265,-2.5757148092986895,-12.067595625778992,2
266,3.7688416735366013,0
263,4.588063008344715,0
266,-3.60328424654256,-8.44154148776223,2
254,4.1206330418303505,0
265,3.7688416735366013,0
267,-2.65608832393856,-5.585966217193042,4
255,4.527215131948102,0
287,4.560508698283242,0
288,3.374773194534201,0
289,3.416301198802541,0
268,-2.77706204771932,-2.6280654961317476,1
255,2.9122603884552123,0
269,-2.284881408457961,21.953977693795935,4
256,4.262252929319971,0
290,3.0864110521069748,0
291,2.212233491314349,0
292,4.067268865251748,0
270,-2.1371385788353807,25.239303838712225,3
256,4.743842493303338,0
271,3.7122470076803973,0
293,3.974516383438012,0
271,-2.052985268058916,28.950596883773127,3
270,3.7122470076803973,0
272,1.8201842497516878,0
294,2.185211792769864,0
272,-2.805394863563533,30.607989566162153,4
271,1.8201842497516878,0
257,4.103430975517693,0
273,3.320261890145151,0
295,4.351742837321609,0
273,-3.3965357173257713,33.875204207131354,2
272,3.320261890145151,0
296,4.087329458654166,0
274,-2.976701743707774,36.679762136862664,3
257,3.4232864151896547,0
276,4.970804977886491,0
297,3.8035595850975303,0
275,-2.1209221983719235,40.19504322764044,4
258,4.6547090891056895,0
277,4.656768674109319,0
298,3.0744071150163705,0
299,4.819077625561067,0
276,-3.2603357688678654,41.642468441687946,1
274,4.970804977886491,0
277,-2.694657678578684,44.816333316232345,3
275,4.656768674109319,0
278,3.2473729964535427,0
300,4.629514973536951,0
278,-3.2603357688678654,48.014057456345505,1
277,3.2473729964535427,0
279,-0.5730063055610686,-47.95036902127138,3
245,4.593905703696156,0
301,2.9317643070969996,0
302,4.356809522085751,0
280,-0.402865743569722,-44.83467467573993,2
261,4.431586812472313,0
303,4.611177842410027,0
281,0.20611045246834125,-42.7736210749092,2
261,3.849280268152419,0
304,4.447816848642795,0
282,0.13257553988802473,-40.15954499659824,2
261,3.89560910614314,0
305,4.411394649776859,0
283,0.5932517898309377,-19.58519663120555,1
263,4.490738202505274,0
284,0.4156212280761824,-16.73623230045729,1
285,3.388533981384431,0
285,0.06081067421026032,-13.366325474762789,2
287,4.440572182103825,0
284,3.388533981384431,0
286,0.6235795050566342,-11.162202733373846,1
287,2.229062392569005,0
287,0.4325523245223537,-8.941340791185052,3
267,4.560508698283242,0
285,4.440572182103825,0
286,2.229062392569005,0
288,0.7026072133927792,-5.914992663025471,1
267,3.374773194534201,0
289,-0.6866382853510778,-2.7944826642328167,1
267,3.416301198802541,0
290,0.4156212280761824,20.459581932078102,1
269,3.0864110521069748,0
291,-0.13063120657430927,22.457150713518892,1
269,2.212233491314349,0
292,0.1875942653624415,25.183457538076215,1
269,4.067268865251748,0
293,0.7026072133927792,28.020063504296367,1
270,3.974516383438012,0
294,-0.4368063571031625,30.42135053651119,1
271,2.185211792769864,0
295,-0.010327937951226551,33.943445547512844,1
272,4.351742837321609,0
296,0.09788714183612479,35.99540961815854,1
273,4.087329458654166,0
297,-0.6866382853510778,39.71664785649168,1
274,3.8035595850975303,0
298,0.4156212280761824,41.93226127803198,1
275,3.0744071150163705,0
299,-0.2543193256089439,44.637936752875575,2
275,4.819077625561067,0
306,4.527719906004147,0
300,0.1875942653624415,48.43918200502,1
277,4.629514973536951,0
301,2.3585799566936294,-47.982679071216864,3
279,2.9317643070969996,0
307,3.7091769081202575,0
308,4.934850382665143,0
302,2.990970499590853,-45.444404427731364,2
279,4.356809522085751,0
309,3.963025050152086,0
303,2.84166395996588,-41.55809290547868,2
280,4.611177842410027,0
310,3.7879178737164922,0
304,3.362177415071452,-39.63956363340691,1
281,4.447816848642795,0
305,2.851318308656447,-36.685521318879665,1
282,4.411394649776859,0
306,3.2300127529945213,47.52924744410906,3
299,4.527719906004147,0
311,3.0280453736752464,0
314,4.734464867653806,0
307,6.062680051605596,-48.17667861401456,1
301,3.7091769081202575,0
308,6.107746175747591,-44.773862940430476,1
301,4.934850382665143,0
309,6.0644283353796355,-42.942520241810385,2
302,3.963025050152086,0
312,4.873786412610169,0
310,6.242293780456704,-39.88954903670884,2
303,3.7879178737164922,0
313,4.220299404538303,0
311,6.242293780456704,47.22066715208211,1
306,3.0280453736752464,0
312,9.101618327739438,-39.13079216309688,5
309,4.873786412610169,0
315,2.8244434470602715,0
316,3.197294597883034,0
341,4.652941837570728,0
342,4.79427104209336,0
313,9.101618327739438,-36.78548876067477,1
310,4.220299404538303,0
314,7.850196307316752,48.56320175036179,3
306,4.734464867653806,0
339,4.925073574150548,0
340,4.212021129523487,0
315,11.700600988288638,-40.236581435881845,2
312,2.8244434470602715,0
363,4.834708451148043,0
316,11.72666997158118,-37.305471201507984,1
312,3.197294597883034,0
317,10.82833277844365,-25.02175172794238,1
318,2.0640387179429935,0
318,10.869152735737021,-22.958116692318512,3
319,3.106346894233918,0
317,2.0640387179429935,0
344,4.782060737902456,0
319,10.645918204226366,-19.859801445082052,3
320,3.2921607483736466,0
318,3.106346894233918,0
345,4.775508200578303,0
320,11.426693186946851,-16.661565553298903,3
321,3.2647480590187,0
319,3.2921607483736466,0
346,3.9435917091387256,0
321,11.095947118889498,-13.413614364113485,3
323,4.548955637115555,0
320,3.2647480590187,0
347,4.823169295167552,0
322,11.163486440484517,-11.562051486554884,1
323,2.702110494730462,0
323,11.541932249524839,-8.886573978641144,5
324,2.8699834781396003,0
321,4.548955637115555,0
322,2.702110494730462,0
348,4.896995468929782,0
349,3.6990284307213477,0
324,11.497129727364952,-6.016940221730274,3
352,3.5773274695886643,0
323,2.8699834781396003,0
350,3.7973520676957397,0
325,10.673725719081455,-3.5972593749745667,1
352,2.916519178858084,0
326,11.57459136024815,0.1795092511473877,1
352,3.811618613567491,0
327,10.869152735737021,2.8391551969235507,1
353,4.616414556773488,0
328,10.645918204226366,6.362303746485103,1
355,3.6242912721423086,0
329,10.90763958305565,9.033789985655911,1
355,4.77717162263878,0
330,11.312252195259996,10.772089821672655,1
377,4.942778122249311,0
331,10.502126486416884,22.53698896706473,1
332,2.4703498129721617,0
332,11.255256922859006,24.88973688049619,3
333,3.1802397607061605,0
331,2.4703498129721617,0
357,3.3716457388421337,0
333,10.986680662913836,28.058615503632495,2
334,3.55521793534124,0
332,3.1802397607061605,0
334,11.71148715890905,31.539165763452797,2
335,2.8932267110903975,0
333,3.55521793534124,0
335,11.996724860451605,34.418297621389435,2
336,2.5786976488765796,0
334,2.8932267110903975,0
336,10.833915846377014,36.71993980928669,3
338,4.867791208141585,0
335,2.5786976488765796,0
358,3.536170496363512,0
337,11.362246192065745,40.15656275603954,1
338,1.4107870985302764,0
338,11.295688632251421,41.56577896677906,4
339,4.368732556288016,0
336,4.867791208141585,0
337,1.4107870985302764,0
359,3.580350127822295,0
339,11.98050847998815,45.88050328294535,5
314,4.925073574150548,0
338,4.368732556288016,0
360,3.882712144084441,0
361,2.727854476901753,0
362,3.386737013788279,0
340,11.996724860451605,47.82332138598544,2
314,4.212021129523487,0
383,4.906886958615449,0
341,13.652697603752456,-40.09906132364103,1
312,4.652941837570728,0
342,13.522369873042113,-37.27553191187632,1
312,4.79427104209336,0
343,14.853904060854461,-27.531261422937014,1
345,4.366796819706155,0
344,14.710898848654473,-25.80576338825392,1
318,4.782060737902456,0
345,14.013106914397177,-23.246173953222414,3
319,4.775508200578303,0
343,4.366796819706155,0
364,4.136250283953063,0
346,14.191707279169234,-19.473435507297367,2
320,3.9435917091387256,0
365,4.484009039663331,0
347,13.866208319658265,-17.361856369026842,2
321,4.823169295167552,0
366,3.659630690847617,0
348,13.436097151828058,-13.402402135867838,2
323,4.896995468929782,0
367,4.526093215283766,0
349,13.652697603752456,-11.924250878951181,1
323,3.6990284307213477,0
350,13.919476530654208,-8.941340791185052,1
324,3.7973520676957397,0
351,13.680840701720374,-5.823737437543968,2
352,2.7436029575218845,0
370,4.386791497347333,0
352,13.544640753262467,-3.0835172342459014,6
373,4.569643620956791,0
324,3.5773274695886643,0
325,2.916519178858084,0
326,3.811618613567491,0
351,2.7436029575218845,0
371,4.772247385683821,0
353,14.107555843123938,-0.4508339632496142,2
373,3.269118528845855,0
327,4.616414556773488,0
354,14.618057886945747,2.4075436684176816,1
373,4.0714207391661255,0
355,14.178457733033797,5.5519632608002984,3
374,4.106754748679702,0
328,3.6242912721423086,0
329,4.77717162263878,0
356,13.603739168263788,8.29390962127956,1
375,4.0765691273768425,0
357,14.181781324453015,23.21538628545131,3
332,3.3716457388421337,0
378,4.759752011019045,0
379,2.329012474906825,0
358,14.364930437376598,36.91082652307213,1
336,3.536170496363512,0
359,14.145435955715273,39.398327184107124,1
338,3.580350127822295,0
360,13.337892224045678,42.24278930776957,4
339,3.882712144084441,0
380,4.827427876310073,0
381,3.677765513034239,0
382,4.553736071125856,0
361,14.684204942382493,45.51826650073067,1
339,2.727854476901753,0
362,14.181781324453015,48.45429143755037,1
339,3.386737013788279,0
363,16.480974669906434,-39.513785979547045,2
315,4.834708451148043,0
384,2.7565124828337164,0
364,17.530034551166132,-25.42327900563319,1
345,4.136250283953063,0
365,17.14418855089437,-22.848223116598845,2
346,4.484009039663331,0
385,3.604340670516891,0
366,16.368170165027177,-20.032639721849005,1
347,3.659630690847617,0
367,16.480456917716886,-16.751639871424253,1
348,4.526093215283766,0
368,17.35679769866443,-13.704127502195496,2
370,4.602690913144969,0
386,4.500598178267812,0
369,17.441587298710456,-10.73091589669703,2
371,4.325555217393004,0
387,3.902882230897661,0
370,16.504370113485084,-9.181060970076762,3
351,4.386791497347333,0
368,4.602690913144969,0
388,3.7103036067766273,0
371,16.94274745578084,-6.434221033220943,3
352,4.772247385683821,0
369,4.325555217393004,0
389,3.8465922708561813,0
372,16.93108525488865,-2.3431871777236735,2
373,1.8086112671104169,0
390,4.252309705972442,0
373,17.3737287951106,-0.5895790653398015,6
393,4.133596360761426,0
352,4.569643620956791,0
353,3.269118528845855,0
354,4.0714207391661255,0
372,1.8086112671104169,0
391,3.303699724269299,0
374,16.323696208455022,2.050051433044536,2
393,3.9176148571616345,0
355,4.106754748679702,0
375,16.930848532637018,5.938329198584986,2
393,4.832560542602685,0
356,4.0765691273768425,0
376,16.4272685800285,8.936910362744818,1
395,3.405594706346983,0
377,16.25453818523717,10.841837646454278,2
395,4.047188400466429,0
330,4.942778122249311,0
378,17.401863822806426,19.710203278788477,2
357,4.759752011019045,0
396,3.6435119141084886,0
379,16.504370113485084,23.042526731668016,1
357,2.329012474906825,0
380,17.204626674445613,39.35273315069132,1
360,4.827427876310073,0
381,17.015236690933946,42.29843857290613,1
360,3.677765513034239,0
382,17.128770735950688,44.7658335629204,1
360,4.553736071125856,0
383,16.902315746388428,47.93609409741845,1
340,4.906886958615449,0
384,19.147225620219718,-38.81416684175019,3
363,2.7565124828337164,0
397,3.5867732958456795,0
398,3.874339342858491,0
385,19.61153355040987,-25.475670608463908,2
365,3.604340670516891,0
399,3.7348623018965967,0
386,19.936507652269402,-17.392010433837847,1
368,4.500598178267812,0
387,19.952300147715384,-13.71902745721452,1
369,3.902882230897661,0
388,19.725845158153124,-11.021835641523733,1
370,3.7103036067766273,0
389,19.994112621680493,-8.77632323477934,1
371,3.8465922708561813,0
390,19.932146970179083,-5.355788448473833,1
372,4.252309705972442,0
391,19.298921013737765,-3.274363375014317,1
373,3.303699724269299,0
392,19.862593024189067,0.19546391563295518,1
393,2.2370013789795435,0
393,20.225393234571122,2.4028495133260983,5
400,3.751984429522854,0
373,4.133596360761426,0
374,3.9176148571616345,0
375,4.832560542602685,0
392,2.2370013789795435,0
394,20.26511671047515,5.592556219964949,1
400,1.8579372750272418,0
395,19.832834427359863,8.950930469335152,3
400,4.02556795679049,0
376,3.405594706346983,0
377,4.047188400466429,0
396,20.120485942798446,22.135955293513106,2
378,3.6435119141084886,0
402,2.6171870036791245,0
397,22.549374569917834,-39.9500916631445,2
384,3.5867732958456795,0
403,2.3409757613267037,0
398,22.634702658163036,-37.12656225137979,1
384,3.874339342858491,0
399,23.345606749063045,-25.552441444257184,2
385,3.7348623018965967,0
404,2.5463494261595265,0
400,22.122450425502475,5.639910089484286,4
405,3.424185670951145,0
393,3.751984429522854,0
394,1.8579372750272418,0
395,4.02556795679049,0
401,23.177093374695538,8.329911496919292,1
405,3.4312444753122,0
402,22.671639429820576,22.720150207802625,3
396,2.6171870036791245,0
407,3.609563284918584,0
408,2.990201979651223,0
403,24.809419556455218,-39.339875165541905,3
397,2.3409757613267037,0
411,3.549598556688594,0
412,4.785955455013956,0
404,25.827385933958546,-26.122237440664996,2
399,2.5463494261595265,0
413,2.9237931198536375,0
405,25.54063643906838,5.842522739162368,3
415,4.52388276626412,0
400,3.424185670951145,0
401,3.4312444753122,0
406,25.4395536027741,8.360436366593097,1
415,3.2948562035750957,0
407,25.429899254083534,20.3918568736866,2
402,3.609563284918584,0
416,2.8726217070288853,0
408,25.659579308348377,22.60386107927649,2
402,2.990201979651223,0
424,4.976500697896209,0
409,25.872452058100542,44.40299260951513,1
417,1.5891971164670353,0
410,25.25859237393929,48.794848270991906,1
417,4.78659404707975,0
411,28.263083014538797,-40.15954499659824,1
403,3.549598556688594,0
412,28.83052907457435,-36.74448543359998,1
403,4.785955455013956,0
413,28.407095887563518,-24.746133242947796,4
404,2.9237931198536375,0
419,4.081807114842449,0
420,3.320517701264539,0
428,4.683528682487266,0
414,28.36786965753508,5.595812496476489,1
422,4.906885286021274,0
415,28.64177745887687,9.136219698228679,3
433,4.77367771332432,0
405,4.52388276626412,0
406,3.2948562035750957,0
416,27.711352742475682,22.137401330868038,2
407,2.8726217070288853,0
423,3.810566812174447,0
417,27.4555392828692,44.54221298791359,3
425,4.389051021303827,0
409,1.5891971164670353,0
410,4.78659404707975,0
418,27.443302957005116,48.02036103406151,1
425,4.735146465973385,0
419,30.901724522293424,-27.976919106722125,2
413,4.081807114842449,0
427,2.861614253398948,0
420,31.652075319242705,-25.45036778654116,2
413,3.320517701264539,0
438,4.360101366247509,0
421,30.633858618089963,6.200420880878789,1
431,4.752772118082,0
422,31.625381412970725,9.265436506286033,2
446,4.778497599454964,0
414,4.906885286021274,0
423,30.740694540635232,19.825798488689305,1
416,3.810566812174447,0
424,30.59303866079659,21.950762301217075,3
408,4.976500697896209,0
434,3.366263778736836,0
435,2.7788321639094207,0
425,31.647681609989654,45.84210205116986,3
456,4.927419139875831,0
417,4.389051021303827,0
418,4.735146465973385,0
426,30.410624086579308,47.86891541940124,1
436,4.761162039063194,0
427,33.763333852495165,-27.971610947120016,1
419,2.861614253398948,0
428,33.090361780534536,-24.69651978292666,2
413,4.683528682487266,0
439,4.364434957005716,0
429,34.31490526569883,-16.73623230045729,3
440,4.39219505321145,0
430,2.814100090888804,0
442,3.6008782974982965,0
430,34.29797416925266,-13.922183143190574,1
429,2.814100090888804,0
431,34.28883628240629,3.1623324885230857,2
444,2.691317682860078,0
421,4.752772118082,0
432,33.9504814861834,6.341934873254571,1
444,4.108164086228827,0
433,33.234153498344014,7.833115242393546,2
445,3.6617094359299456,0
415,4.77367771332432,0
434,33.44554658407331,20.163325483961952,2
424,3.366263778736836,0
448,3.783660664860189,0
435,33.171491749526325,22.986854895726662,2
424,2.7788321639094207,0
449,4.566863623846308,0
436,34.41731801538826,45.296938023882014,2
455,3.213281618448131,0
426,4.761162039063194,0
437,33.946487206805955,48.25837501092494,1
456,4.039215595236365,0
438,35.98867180090966,-24.998245149254316,3
420,4.360101366247509,0
440,4.778432683504174,0
462,4.411095256099602,0
439,37.06166241338669,-22.886253565642157,1
428,4.364434957005716,0
440,36.877684122857644,-20.30323971771267,3
438,4.778432683504174,0
429,4.39219505321145,0
441,3.473955220341643,0
441,36.085490424963815,-16.920815436526727,2
440,3.473955220341643,0
463,3.8437865836423186,0
442,37.24249326843615,-14.6396748842097,2
429,3.6008782974982965,0
464,3.903400460139068,0
443,36.40208571229759,-0.007148734045126615,1
444,3.5885714947773386,0
444,36.9536969554072,3.5387743347204,5
467,3.554990020523247,0
431,2.691317682860078,0
432,4.108164086228827,0
443,3.5885714947773386,0
465,4.552746646936802,0
445,36.13287604738012,5.595812496476489,2
467,2.994607540800303,0
433,3.6617094359299456,0
446,36.38775336416465,8.873195883098942,2
467,3.5726191510395338,0
422,4.778497599454964,0
447,36.24568055225938,10.880449892117529,1
468,4.403833253495555,0
448,36.33821433197418,22.60229275046316,4
434,3.783660664860189,0
450,4.909847149679959,0
470,3.4249198603344864,0
471,3.721906172692158,0
449,37.0788228238959,25.350963022288674,2
435,4.566863623846308,0
472,3.293933904545591,0
450,37.0788228238959,27.455961269729166,2
448,4.909847149679959,0
451,4.173100802626209,0
451,36.260998620654334,31.548140870073194,4
450,4.173100802626209,0
452,2.389324002863868,0
453,4.998435722092468,0
474,4.239037472679712,0
452,36.66702162874137,33.90271397523799,2
451,2.389324002863868,0
475,4.101261519576926,0
453,36.618366345461986,36.53378505885721,3
451,4.998435722092468,0
454,3.260609862372986,0
476,3.6527747744878276,0
454,36.526302213664145,39.79309493523293,2
453,3.260609862372986,0
455,3.328769938579682,0
455,36.77401089794811,43.112635522682055,2
454,3.328769938579682,0
436,3.213281618448131,0
456,36.526302213664145,45.15035037215678,5
477,4.352933519755877,0
425,4.927419139875831,0
437,4.039215595236365,0
457,3.141643896051331,0
479,4.9077521873604955,0
457,36.877684122857644,48.27228200553508,1
456,3.141643896051331,0
458,39.287015039581384,-48.36988139820087,3
459,3.674206223679528,0
480,3.940670438829596,0
481,4.151393329525525,0
459,39.61281590040881,-44.7101484607846,4
458,3.674206223679528,0
460,1.9535051370818057,0
461,4.460289394623323,0
482,3.1122075020801634,0
460,39.80988547789521,-42.76660893141188,2
459,1.9535051370818057,0
483,4.281780526418391,0
461,38.92706661527874,-40.30288974342606,1
459,4.460289394623323,0
462,39.59354603033536,-27.540418067921898,1
438,4.411095256099602,0
463,39.126546021136164,-14.569927059428077,2
441,3.8437865836423186,0
484,3.4539908791322387,0
464,40.12464672163318,-12.007237491898472,1
442,3.903400460139068,0
465,39.00547038953451,-0.5254264238794667,1
444,4.552746646936802,0
466,39.22197478056089,2.2339503464249084,1
467,4.213522771409199,0
467,39.00547038953451,6.441907094521323,5
488,4.810917597101071,0
444,3.554990020523247,0
445,2.994607540800303,0
446,3.5726191510395338,0
466,4.213522771409199,0
468,39.80988547789521,8.29390962127956,2
488,3.365188819438957,0
447,4.403833253495555,0
469,38.911931502572656,10.873437748620214,1
488,4.617622585479658,0
470,39.70121353462234,21.953977693795935,5
448,3.4249198603344864,0
490,3.443817992181514,0
491,2.65582095826376,0
492,3.9243227923452095,0
513,4.798783139288411,0
471,39.287015039581384,24.87323087052263,2
448,3.721906172692158,0
493,4.107673331961298,0
472,39.44189575722668,27.645715052307256,3
449,3.293933904545591,0
473,4.135429238463945,0
494,4.789587752995331,0
473,39.682718499320984,31.774126295537837,3
472,4.135429238463945,0
495,3.314231550294188,0
496,4.739069351645921,0
474,39.717006030068326,34.00282037682319,1
451,4.239037472679712,0
475,39.21128277592935,37.11940190956922,2
452,4.101261519576926,0
477,4.6561549822783235,0
476,38.79312280122448,39.468610081112196,1
453,3.6527747744878276,0
477,39.27509243909694,41.77511963575083,4
475,4.6561549822783235,0
456,4.352933519755877,0
478,3.7260758201096826,0
499,4.739994189165207,0
478,39.94678127655611,45.44015375876235,1
477,3.7260758201096826,0
479,39.990099116924064,48.62715099133366,1
456,4.9077521873604955,0
480,43.08919817850152,-47.334368537065444,5
458,3.940670438829596,0
501,1.9930190775897394,0
502,3.7041857364548423,0
523,4.9162351529361565,0
524,4.513361611673145,0
481,41.671391269475116,-44.971526418104354,2
458,4.151393329525525,0
503,4.76179939809246,0
482,42.049144535827,-42.7736210749092,1
459,3.1122075020801634,0
483,43.12348532017638,-40.05483818858535,1
460,4.281780526418391,0
484,42.520382264296735,-13.928110459659548,2
463,3.4539908791322387,0
504,2.577647166121646,0
485,42.31408045227077,0.2583750109249334,3
487,4.896443025816968,0
505,2.3115259213854125,0
531,4.965295676720784,0
486,42.85335200459281,2.525511140240197,1
487,2.5995198579030454,0
487,42.85335200459281,5.1250309981432425,4
488,3.8345189434144005,0
485,4.896443025816968,0
486,2.5995198579030454,0
506,2.6256814696237156,0
488,43.11031263141599,8.950930469335152,6
509,2.8481331158921765,0
467,4.810917597101071,0
468,3.365188819438957,0
469,4.617622585479658,0
487,3.8345189434144005,0
507,3.468211173292231,0
489,43.12348532017638,17.568327461921903,2
490,2.9280645015070124,0
510,3.316936462291121,0
490,42.813628528688774,20.479950805308633,5
470,3.443817992181514,0
489,2.9280645015070124,0
511,3.7253836806659364,0
512,2.328209234127474,0
533,4.666255119882222,0
491,42.342849960771,22.228098022114693,2
470,2.65582095826376,0
514,4.301133902364633,0
492,42.110544451346094,25.051627433879403,2
470,3.9243227923452095,0
515,4.396358943401436,0
493,42.35451216166319,27.605160885754696,2
471,4.107673331961298,0
516,4.800179441374471,0
494,42.85335200459281,31.007577202358846,2
472,4.789587752995331,0
517,3.1744192847543653,0
495,42.34261323851937,33.75126836057772,2
473,3.314231550294188,0
518,4.20658338324419,0
496,41.671391269475116,36.07574912104883,3
473,4.739069351645921,0
497,4.068325286662012,0
519,4.973153095840402,0
497,42.85335200459281,39.968593769725885,3
496,4.068325286662012,0
498,2.416926299271194,0
520,3.223070953272723,0
498,42.98397126891591,42.38198792400248,1
497,2.416926299271194,0
499,42.38073007336233,45.35597983938269,1
477,4.739994189165207,0
500,43.11031263141599,47.694265000514775,1
521,4.2095347271566,0
501,44.92503184907003,-48.110151868701024,1
480,1.9930190775897394,0
502,45.76972237806624,-44.77785098662629,2
480,3.7041857364548423,0
525,3.095616228231009,0
503,45.22293795228069,-41.79957911912121,1
481,4.76179939809246,0
504,44.99689044895826,-14.643073482702995,2
484,2.577647166121646,0
530,3.3573490749614865,0
505,44.60346428267424,-0.06080168359368865,1
485,2.3115259213854125,0
506,44.662562697675554,3.222149013373719,1
487,2.6256814696237156,0
507,45.22293795228069,6.200420880878789,1
488,3.468211173292231,0
508,45.0018685851611,8.65009748644151,1
509,2.6498758543646157,0
509,44.73966423113214,11.2869689130137,3
510,3.5012200779126026,0
488,2.8481331158921765,0
508,2.6498758543646157,0
510,44.92503184907003,14.783278521758092,3
489,3.316936462291121,0
509,3.5012200779126026,0
532,4.410460273905886,0
511,44.4401816247539,17.12841256237405,1
490,3.7253836806659364,0
512,44.60346428267424,18.99097591914308,1
490,2.328209234127474,0
513,44.46560939658515,22.527433610523964,1
470,4.798783139288411,0
514,45.38258104070365,25.27108796750753,2
491,4.301133902364633,0
534,3.524939652422088,0
515,45.27435773007143,28.1042095370483,1
492,4.396358943401436,0
516,45.715118591542044,31.03270331333324,2
493,4.800179441374471,0
535,3.065244372025518,0
517,45.1780415734279,33.169233096336825,2
494,3.1744192847543653,0
536,4.050545958186951,0
518,45.343911676061445,36.698733618896064,2
495,4.20658338324419,0
537,3.6509118309817015,0
519,44.60346428267424,40.092613515067676,3
496,4.973153095840402,0
521,4.436350967157274,0
538,3.833550289481233,0
520,45.23728126244556,42.1377105631199,1
497,3.223070953272723,0
521,45.715118591542044,44.38742836571874,3
519,4.436350967157274,0
500,4.2095347271566,0
522,2.9751009209624977,0
522,45.71143566244709,47.36252700709942,1
521,2.9751009209624977,0
523,47.989672062048776,-47.72771799446492,1
480,4.9162351529361565,0
524,47.36506642576481,-45.88959043307495,1
480,4.513361611673145,0
525,47.31336171464892,-42.09456616554565,1
502,3.095616228231009,0
526,47.555116267713146,-27.832686469842237,1
528,4.939348902471545,0
527,47.26371103651859,-25.490383635973455,1
528,2.6050822909653126,0
528,47.476058624828624,-22.89397029360287,3
529,3.150769194123458,0
526,4.939348902471545,0
527,2.6050822909653126,0
529,47.69256301585501,-19.75064842600743,2
530,2.626252922087697,0
528,3.150769194123458,0
530,47.20800883935806,-17.16948363839438,2
504,3.3573490749614865,0
529,2.626252922087697,0
531,47.22555010488711,-0.4707525558909364,1
485,4.965295676720784,0
532,47.61352193599682,11.2869689130137,1
510,4.410460273905886,0
533,47.47987017799979,20.468738577062986,1
490,4.666255119882222,0
534,47.47987017799979,28.1042095370483,1
514,3.524939652422088,0
535,47.53928044712864,33.496066174313526,1
516,3.065244372025518,0
536,47.220245165222146,36.66727927228238,1
517,4.050545958186951,0
537,47.61352193599682,39.55845851223777,2
518,3.6509118309817015,0
539,4.923130197336415,0
538,47.474843713967225,42.63255209375993,1
519,3.833550289481233,0
539,47.96113927580018,44.46930091705934,1
537,4.923130197336415,0
