566
0,-48.23441964451483,-47.97050517237017,1
18,3.5833712397057056,0
1,-47.576428957158846,-36.046498859550674,1
19,1.7029185164518137,0
2,-47.57714284101421,-33.95926324729276,1
19,2.6669267882602954,0
3,-47.99007390866635,-31.766911716597143,2
19,4.742805154803158,0
4,3.0164987566077994,0
4,-48.57195932654762,-28.80706812122364,1
3,3.0164987566077994,0
5,-48.76206381476723,-25.542163522222268,1
22,4.984656324603211,0
6,-47.62626547930959,5.455963675977984,1
24,3.166779571774921,0
7,-47.33442608209983,7.813259835835634,1
24,3.928782507001088,0
8,-47.75892662766686,11.696779100604115,2
25,4.505995075114063,0
9,1.900993702905534,0
9,-48.61859513725043,13.392287022177133,1
8,1.900993702905534,0
10,-48.28366169847379,17.555778108748804,3
27,4.091133128079539,0
11,2.442668776701745,0
12,4.507612372560861,0
11,-48.50697037175219,19.988218033826552,1
10,2.442668776701745,0
12,-47.40296096403671,21.976517358877196,3
10,4.507612372560861,0
13,3.955651271694411,0
31,3.7095244926408806,0
13,-47.21743302169445,25.92781541975135,5
12,3.955651271694411,0
14,2.701844133646909,0
15,4.671896884242123,0
32,2.795746193366607,0
53,4.883807830066113,0
14,-48.216631148083295,28.438107200947957,3
13,2.701844133646909,0
16,4.883161766178116,0
33,4.04705423905727,0
15,-47.32154158530462,30.59855218218769,2
13,4.671896884242123,0
34,4.249961002840288,0
16,-47.33429364654541,33.24089278517339,2
14,4.883161766178116,0
55,4.882781257312581,0
17,-48.424312170783026,47.71952086022686,1
35,3.772452031314404,0
18,-44.66738638140139,-47.62871116804547,3
0,3.5833712397057056,0
36,2.05123969519147,0
57,4.936917515365551,0
19,-45.8738716853028,-36.01142451387536,4
37,4.111618420082477,0
1,1.7029185164518137,0
2,2.6669267882602954,0
3,4.742805154803158,0
20,-44.49801217353992,-34.49230180159556,2
37,3.539525703859921,0
21,3.65039449419078,0
21,-44.81858219903458,-30.856010446110865,1
20,3.65039449419078,0
22,-44.761508376188374,-28.5157732574202,4
39,4.164419821968811,0
5,4.984656324603211,0
23,2.8803879881232435,0
41,3.628163872406085,0
23,-44.393903609929744,-25.658939048378905,2
22,2.8803879881232435,0
66,4.884198163732845,0
24,-44.47778085334082,5.116055723365442,3
45,2.8339941494421073,0
6,3.166779571774921,0
7,3.928782507001088,0
25,-44.706953555414465,8.381744865004357,3
45,4.207466891675751,0
8,4.505995075114063,0
26,3.3227714908845667,0
26,-44.48032964353229,11.696779100604115,1
25,3.3227714908845667,0
27,-45.4524087923798,14.60258030748249,5
47,4.88739640191061,0
10,4.091133128079539,0
28,2.495506794826755,0
29,4.645876103896133,0
49,4.207421411725475,0
28,-44.66937210879119,16.97205445065879,2
27,2.495506794826755,0
50,3.5349606567276797,0
29,-45.8738716853028,19.22929985837836,2
27,4.645876103896133,0
30,2.7127404571914497,0
30,-45.628351401820275,21.930906894659163,1
29,2.7127404571914497,0
31,-45.496191810604515,25.1584669746037,2
12,3.7095244926408806,0
52,3.6282627871604167,0
32,-45.45719368960829,28.099854616336152,2
13,2.795746193366607,0
54,4.316058596398882,0
33,-44.655806647818416,30.361431638525975,1
14,4.04705423905727,0
34,-44.55443392521192,33.82427438397747,1
15,4.249961002840288,0
35,-44.69793615123995,48.30732702686896,2
80,4.626595674885505,0
17,3.772452031314404,0
36,-42.9231015601403,-48.70808818718538,1
18,2.05123969519147,0
37,-41.84584269702648,-36.836281169281094,5
60,4.087182797203054,0
19,4.111618420082477,0
20,3.539525703859921,0
38,3.347956476974488,0
62,3.6145564581493463,0
38,-42.2353861159248,-33.51106410922194,1
37,3.347956476974488,0
39,-41.95213329999333,-31.589826629575736,4
61,4.99267707319452,0
22,4.164419821968811,0
40,3.3379311128026736,0
64,4.192003771893797,0
40,-41.56238275806258,-28.274728044483464,2
39,3.3379311128026736,0
65,3.1087713449232597,0
41,-42.76144605275982,-25.488675011998637,1
22,3.628163872406085,0
42,-41.68736725857042,-19.29734029444239,2
66,4.295479356529642,0
68,3.587217950053689,0
43,-41.67813357230076,-6.180288403370359,2
71,3.1074063586282388,0
73,4.620208256382765,0
44,-41.64354239773388,0.30732702686895985,2
73,3.8144540917710317,0
75,2.905100359789784,0
45,-41.66641809588392,5.4734942286449355,4
75,3.450969573196454,0
24,2.8339941494421073,0
25,4.207466891675751,0
46,2.888253475012727,0
46,-42.77725334725361,8.139587471620043,1
45,2.888253475012727,0
47,-42.5740840480745,10.65265749105574,3
77,3.5581108328317574,0
27,4.88739640191061,0
48,4.082353868232111,0
48,-41.883424143649755,14.676163673714054,1
47,4.082353868232111,0
49,-42.63366427784358,17.726211895493144,1
27,4.207421411725475,0
50,-43.101409113363374,20.14024618879296,2
28,3.5349606567276797,0
51,3.3343612044623323,0
51,-41.892194420028275,23.247618787508152,1
50,3.3343612044623323,0
52,-41.89939557111543,25.635276857355972,1
31,3.6282627871604167,0
53,-42.9660797713699,28.33147397744418,1
13,4.883807830066113,0
54,-41.937978964423664,30.59855218218769,1
32,4.316058596398882,0
55,-42.53374276864277,34.13322908692917,1
16,4.882781257312581,0
56,-42.11186780413745,47.94192144280099,1
104,4.777603291668731,0
57,-39.805349968850386,-48.48530703340516,4
18,4.936917515365551,0
58,3.5126543197429316,0
81,3.623285971081835,0
82,4.252065851251253,0
58,-38.863705411251296,-45.10121987478281,4
57,3.5126543197429316,0
59,2.992848801939578,0
83,3.945767712478293,0
105,4.616949157445338,0
59,-40.195524555258636,-42.421032993439134,3
58,2.992848801939578,0
60,2.8911142331000885,0
84,4.779285637176466,0
60,-39.0132425958205,-39.78270949598454,4
59,2.8911142331000885,0
37,4.087182797203054,0
61,3.748653388066643,0
85,3.4657872666247163,0
61,-39.8960944120113,-36.1395000737152,4
60,3.748653388066643,0
39,4.99267707319452,0
63,4.549903583375281,0
86,3.284855295171303,0
62,-39.43506315073768,-34.14311196398694,2
37,3.6145564581493463,0
87,3.7324478633654414,0
63,-40.101371091253505,-31.594229553386345,2
61,4.549903583375281,0
88,4.921202378647842,0
64,-39.266926452734886,-28.370733618957964,2
39,4.192003771893797,0
89,4.215796510260444,0
65,-40.0995721483756,-25.531619516699124,2
40,3.1087713449232597,0
90,4.135631427293824,0
66,-40.11915924507914,-23.296323481303023,4
23,4.884198163732845,0
42,4.295479356529642,0
67,2.828753922845907,0
91,4.935552022544639,0
67,-40.291003409704416,-20.472794069538317,1
66,2.828753922845907,0
68,-38.92060218009203,-17.014109333348028,3
42,3.587217950053689,0
69,2.9279693631233066,0
93,3.878701249699971,0
69,-38.98129505624858,-14.086769078752988,2
68,2.9279693631233066,0
70,3.2963600877736363,0
70,-38.84288868411922,-10.793315951043258,1
69,3.2963600877736363,0
71,-40.07859876205787,-8.84439475794115,4
94,4.341739339336969,0
43,3.1074063586282388,0
72,3.3951663361313793,0
96,4.720792343344498,0
72,-39.17453511262797,-5.5718081100769155,2
71,3.3951663361313793,0
97,4.509928480233634,0
73,-38.98389951248779,-2.426966253155808,5
43,4.620208256382765,0
44,3.8144540917710317,0
74,2.993791984382903,0
98,3.416381989791022,0
99,4.9060741716746925,0
74,-38.93237272874259,0.5663822792259787,2
73,2.993791984382903,0
76,4.471494449621121,0
75,-39.812536297013246,2.562770388954239,2
44,2.905100359789784,0
45,3.450969573196454,0
76,-38.84956820264288,5.037109963110326,3
74,4.471494449621121,0
77,3.3321228804037855,0
101,4.307854735749026,0
77,-40.0489571030757,8.145889330583831,4
76,3.3321228804037855,0
47,3.5581108328317574,0
78,3.557329143332031,0
102,4.599834599856348,0
78,-39.7505546363098,11.690680805667721,1
77,3.557329143332031,0
79,-39.16724076220173,45.909627306012446,1
103,2.0331935704435122,0
80,-40.07859876205787,48.56638227922598,2
103,3.9224740686103083,0
35,4.626595674885505,0
81,-36.222094420065474,-47.9482028532496,1
57,3.623285971081835,0
82,-37.40777169222038,-44.973657504934394,2
57,4.252065851251253,0
106,4.221785732158698,0
83,-35.96631416018132,-42.422748896956215,1
58,3.945767712478293,0
84,-36.252336747586014,-39.720506912257314,1
59,4.779285637176466,0
85,-36.978031548667424,-36.97742922994264,2
60,3.4657872666247163,0
107,3.541452790259813,0
86,-37.235223412521755,-34.213353704850554,2
61,3.284855295171303,0
108,3.8942261196690153,0
87,-36.96723437272479,-31.342935509698275,2
62,3.7324478633654414,0
109,4.520624121393469,0
88,-36.38286241003023,-28.370733618957964,2
63,4.921202378647842,0
110,4.034672248528827,0
89,-36.19679814610727,-25.48157242636798,2
64,4.215796510260444,0
111,4.348499021454667,0
90,-37.11438722923041,-22.669431839252294,2
65,4.135631427293824,0
112,3.978482054452381,0
91,-36.198783873497064,-20.29793546219389,2
66,4.935552022544639,0
92,4.341834293256477,0
92,-37.49066843705302,-16.15275038736987,2
91,4.341834293256477,0
94,4.246839707387537,0
93,-36.98954405141497,-13.65028147091298,1
68,3.878701249699971,0
94,-37.02560357531039,-11.931451751331931,3
92,4.246839707387537,0
71,4.341739339336969,0
95,3.4191395031251877,0
95,-36.02603879087817,-8.661683382845546,1
94,3.4191395031251877,0
96,-36.34799396374046,-5.951564277641428,1
71,4.720792343344498,0
97,-36.09707276832732,-2.2750399325682196,1
72,4.509928480233634,0
98,-36.29092014089425,-0.3246989047102927,2
73,3.416381989791022,0
113,4.7286814558735415,0
99,-37.30272270575039,2.1820692557616237,3
73,4.9060741716746925,0
100,3.519772978499513,0
114,4.335317212948939,0
100,-36.16037010072308,5.5113082597928225,2
99,3.519772978499513,0
115,3.377292741334173,0
101,-36.16037010072308,8.402496418325574,2
76,4.307854735749026,0
116,4.765953720235106,0
102,-37.40328345000868,11.908719285219385,1
77,4.599834599856348,0
103,-37.135060754849825,45.973818525131975,3
117,3.8281286302034587,0
79,2.0331935704435122,0
80,3.9224740686103083,0
104,-37.371995143493926,47.342671600541514,2
118,4.083750260693618,0
56,4.777603291668731,0
105,-34.24903558848189,-45.246278308720925,1
58,4.616949157445338,0
106,-34.579754038243976,-41.839045739969464,1
82,4.221785732158698,0
107,-34.428248965739556,-34.51968704544959,2
85,3.541452790259813,0
120,4.741850441641828,0
108,-34.6444167559437,-31.305997871908318,1
86,3.8942261196690153,0
109,-34.40189827954629,-27.6206924794865,2
87,4.520624121393469,0
121,3.8003836894044145,0
110,-33.559332998265525,-25.488675011998637,2
88,4.034672248528827,0
122,3.922818625457458,0
111,-33.45878189833532,-22.10330204545869,2
89,4.348499021454667,0
123,3.493397954662695,0
112,-34.31153134308512,-19.845902427487587,1
90,3.978482054452381,0
113,-33.403818504181125,3.420307430452668,3
98,4.7286814558735415,0
124,2.087752549894768,0
125,3.1378651894090863,0
114,-34.07405749609902,5.075284819952832,2
99,4.335317212948939,0
126,4.552608573263693,0
115,-34.63082087806926,8.522385382044524,2
100,3.377292741334173,0
127,3.9066548527864535,0
116,-33.14278474841662,12.091465583955499,3
101,4.765953720235106,0
128,3.059100745882122,0
144,4.668259882889897,0
117,-34.66713902528832,43.047399015536406,2
134,3.090199203419308,0
103,3.8281286302034587,0
118,-34.07405749609902,44.93422324825937,2
134,3.072913003204907,0
104,4.083750260693618,0
119,-33.20389452648109,48.73315671777714,1
135,4.003440355338253,0
120,-30.57503559653606,-37.28336074946934,1
107,4.741850441641828,0
121,-30.90304947507514,-26.137124742528755,3
109,3.8003836894044145,0
137,2.775515979732464,0
138,3.6350526074775216,0
122,-31.547768087426633,-22.120869706207095,2
110,3.922818625457458,0
139,3.7993902275817972,0
123,-30.796338217440766,-19.841616188469224,1
111,3.493397954662695,0
124,-31.37854475178098,2.9133785030563932,3
113,2.087752549894768,0
140,3.6915689276881576,0
141,4.031535533544912,0
125,-30.700935140211048,5.014239507951305,3
113,3.1378651894090863,0
142,4.055294557395286,0
155,4.709774340030839,0
126,-30.43678686638838,7.813259835835634,2
114,4.552608573263693,0
143,4.4783975794473445,0
127,-31.628983913081477,11.02257077005736,1
115,3.9066548527864535,0
128,-30.362682584708764,13.367839092299931,3
116,3.059100745882122,0
129,3.7028274989686185,0
145,3.7124304757694624,0
129,-30.90304947507514,17.03102556187993,3
128,3.7028274989686185,0
130,2.5147400991367075,0
146,4.4536670350454,0
130,-30.561465708046395,19.522458542377006,2
129,2.5147400991367075,0
147,4.129657760104095,0
131,-30.31925533665191,34.2766684320788,1
148,3.2181918321185976,0
132,-30.696652526907613,36.9336855594935,1
148,3.115352138109402,0
133,-30.992288197374464,38.95193336817772,1
148,4.3469616585927335,0
134,-31.57836886778158,43.141367259688955,3
150,2.992355764022695,0
117,3.090199203419308,0
118,3.072913003204907,0
135,-31.48313570019479,45.118392031036294,2
150,3.8245229728515913,0
119,4.003440355338253,0
136,-30.53815958899488,47.66899923632592,1
151,3.13484541056612,0
137,-28.463225564159092,-27.46028317501996,1
121,2.775515979732464,0
138,-27.444735699239057,-25.017449214980033,1
121,3.6350526074775216,0
139,-27.751506184771355,-21.966721505140104,1
122,3.7993902275817972,0
140,-27.728195638202948,2.3632580645406294,3
124,3.6915689276881576,0
154,3.2396426556782054,0
169,4.877426648896007,0
141,-28.643056846965298,5.874862030081721,1
124,4.031535533544912,0
142,-27.812436958661266,7.860639374875036,3
125,4.055294557395286,0
156,3.2233491262522977,0
157,4.233873772505869,0
143,-27.714630177230173,11.369368360511316,3
126,4.4783975794473445,0
158,3.407206616080661,0
172,4.957345901774659,0
144,-28.664472519555712,13.409558871638156,2
116,4.668259882889897,0
159,4.268810221476422,0
145,-28.832134470456275,16.750081323036817,2
128,3.7124304757694624,0
160,4.572390974589297,0
146,-27.912274174736112,20.331088161578922,1
129,4.4536670350454,0
147,-27.880417465569145,22.663486007570143,1
130,4.129657760104095,0
148,-27.687177409189747,36.128403956413024,4
162,3.3765726397016382,0
131,3.2181918321185976,0
132,3.115352138109402,0
133,4.3469616585927335,0
149,-27.56048651347723,39.338316617154454,1
163,4.226054650815994,0
150,-28.643798993936297,42.556138523211054,3
164,3.884653799496335,0
134,2.992355764022695,0
135,3.8245229728515913,0
151,-28.742264489399247,45.099560282119015,2
166,2.6929398852534243,0
136,3.13484541056612,0
152,-27.781748512291898,47.342671600541514,1
166,3.2681025313814573,0
153,-25.78415248241067,-38.74098568148752,1
168,3.263727309560681,0
154,-24.733306291186974,3.5985403543918073,3
140,3.2396426556782054,0
182,4.824927850451114,0
183,4.798484933540612,0
155,-26.1257189115335,6.131992072188368,3
125,4.709774340030839,0
170,3.8994502810454907,0
171,3.811385931464197,0
156,-24.891100765465467,9.222907496808354,2
142,3.2233491262522977,0
185,4.730218359566679,0
157,-24.95821910052719,10.987799034985407,1
142,4.233873772505869,0
158,-25.09946259608681,13.553391127608903,2
143,3.407206616080661,0
173,4.667425667863975,0
159,-25.62383822635892,16.405770446613666,2
144,4.268810221476422,0
174,4.067882886912814,0
160,-25.09946259608681,19.39089935970591,1
145,4.572390974589297,0
161,-24.951017949440036,21.89084340323186,1
173,4.685409097495538,0
162,-24.86364799742504,34.2766684320788,2
176,2.7836978743263314,0
148,3.3765726397016382,0
163,-24.95821910052719,36.00849046205539,2
176,3.3212104709613413,0
149,4.226054650815994,0
164,-25.69248780725534,40.03021346072144,2
177,3.822905540003359,0
150,3.884653799496335,0
165,-24.988193663041198,41.742992316051506,1
177,4.782352247259951,0
166,-26.109165802949853,44.53501043223222,3
179,3.6134959379576492,0
151,2.6929398852534243,0
152,3.2681025313814573,0
167,-25.03803018519194,48.46736558791055,1
180,4.905430562849147,0
168,-23.10337097429615,-36.87944694782565,1
153,3.263727309560681,0
169,-22.868958395490633,2.784095484928305,1
140,4.877426648896007,0
170,-22.275933184322103,5.511619322218508,2
155,3.8994502810454907,0
184,3.8966600405113696,0
171,-22.769036886289825,7.93735865545317,1
155,3.811385931464197,0
172,-22.80486644220094,10.68416878663974,1
143,4.957345901774659,0
173,-22.90795651648686,17.67433318836539,4
158,4.667425667863975,0
161,4.685409097495538,0
175,4.681548900141048,0
186,3.8473926717741764,0
174,-22.860384489843895,19.39089935970591,2
159,4.067882886912814,0
187,4.714704725909208,0
175,-23.35029910888488,22.33493756283899,1
173,4.681548900141048,0
176,-22.080908782396794,34.34971852908703,3
207,4.62075854103791,0
162,2.7836978743263314,0
163,3.3212104709613413,0
177,-22.86417349826215,37.45820161445542,3
189,3.833329998179796,0
164,3.822905540003359,0
165,4.782352247259951,0
178,-23.336703231010432,40.09579404393186,1
190,3.409618104052648,0
179,-23.285636391185147,42.2800083137108,2
190,4.324657711492211,0
166,3.6134959379576492,0
180,-22.040118585660334,44.584612048432625,4
191,3.449366946345544,0
167,4.905430562849147,0
181,3.9095834249854686,0
193,3.8403125091671604,0
181,-22.995998023435885,48.37554030644002,1
180,3.9095834249854686,0
182,-20.026057902136557,2.5394174314781996,3
154,4.824927850451114,0
202,2.34884620324847,0
203,4.191191119741541,0
183,-20.33486626602265,5.516660007189496,2
154,4.798484933540612,0
204,4.406271630580319,0
184,-19.066016147458456,7.720780268770518,1
170,3.8966600405113696,0
185,-20.361546235162155,10.586029459873446,2
156,4.730218359566679,0
205,3.0493377737112928,0
186,-19.698170550315638,19.795583862423484,2
173,3.8473926717741764,0
206,3.888666812138919,0
187,-20.33666520890056,23.37327071902255,1
174,4.714704725909208,0
188,-20.04836758082673,34.28501439472176,1
207,2.5933369334344682,0
189,-19.15200868039791,36.50203675421632,2
226,4.466580428348377,0
177,3.833329998179796,0
190,-19.98133703043623,39.48997783786948,3
208,4.680835230844506,0
178,3.409618104052648,0
179,4.324657711492211,0
191,-20.13138852965836,41.71148102046751,4
209,4.265159092896286,0
180,3.449366946345544,0
192,3.307020879203009,0
211,4.414988704776644,0
192,-19.15200868039791,44.870151976161885,2
191,3.307020879203009,0
212,3.5039330874989583,0
193,-19.98133703043623,47.826435405115525,1
180,3.8403125091671604,0
194,-17.1532499910648,-48.30631861207342,3
195,3.019041659795175,0
213,3.254819275967037,0
214,4.4874713720851,0
195,-16.765960767108876,-45.31222115197189,3
194,3.019041659795175,0
196,3.7041465962244557,0
215,3.451251924350408,0
196,-16.471659437767396,-41.619784458693445,2
195,3.7041465962244557,0
198,4.675856391000962,0
197,-16.261332908525226,-40.10118576828246,2
214,4.531516279609568,0
217,4.366807095073877,0
198,-16.58629981851032,-36.945333627593854,1
196,4.675856391000962,0
199,-17.192212037361237,-25.015201547273456,1
219,4.948748235135025,0
200,-16.84682785662003,-22.280908267248684,1
219,3.4596278172586774,0
201,-17.72596255470008,-20.0180036136316,1
219,4.666166687499265,0
202,-17.703240285355466,2.190710096186602,3
182,2.34884620324847,0
220,4.073042506545839,0
221,4.911354722531858,0
203,-17.175596115103062,5.6120304241706025,2
182,4.191191119741541,0
222,4.458937249703434,0
204,-17.470517530168813,8.864903726196442,2
183,4.406271630580319,0
223,3.1955965035567155,0
205,-17.31356424711655,10.495108292194537,1
185,3.0493377737112928,0
206,-17.48193384336095,22.99089674766294,2
186,3.888666812138919,0
224,2.8489224663276946,0
207,-17.478875279119517,33.93415008792688,3
225,2.841849037878497,0
176,4.62075854103791,0
188,2.5933369334344682,0
208,-16.52621425854131,36.33207583029415,2
225,3.0285339280394576,0
190,4.680835230844506,0
209,-16.432092263754328,39.5885610444005,3
226,3.4191494166266385,0
191,4.265159092896286,0
210,2.864333244773398,0
210,-17.370354872496886,42.29486261927158,1
209,2.864333244773398,0
211,-17.513135797135853,45.26631967952699,1
191,4.414988704776644,0
212,-17.22430100289559,47.79615440127513,1
192,3.5039330874989583,0
213,-14.000091998277737,-47.49919830398444,4
194,3.254819275967037,0
227,2.134074022414489,0
228,3.466296083390304,0
229,4.977300788240087,0
214,-14.902433142935376,-44.424151326721066,3
194,4.4874713720851,0
197,4.531516279609568,0
216,4.742958515564498,0
215,-14.687807442493241,-42.55678677519545,1
195,3.451251924350408,0
216,-13.980494097103128,-39.77165910468182,2
214,4.742958515564498,0
231,4.2199318717209735,0
217,-13.43112397823686,-36.7756900734268,1
197,4.366807095073877,0
218,-14.484329706128948,-25.58532930076683,1
219,3.9196675957418794,0
219,-13.418957323929046,-21.813224351490547,5
235,2.5688280928156733,0
199,4.948748235135025,0
200,3.4596278172586774,0
201,4.666166687499265,0
218,3.9196675957418794,0
220,-13.716839182346272,3.0263424950656104,4
202,4.073042506545839,0
236,2.21887434691295,0
237,3.646062966294085,0
255,4.638903354736626,0
221,-13.855161746852533,5.242545080593378,3
202,4.911354722531858,0
238,4.148288863785086,0
256,4.700725229305761,0
222,-13.52060802286024,8.166082781182102,2
203,4.458937249703434,0
257,4.354552767293925,0
223,-14.866114995716316,10.716639250530658,1
204,3.1955965035567155,0
224,-14.666834056175517,22.55320689475884,2
206,2.8489224663276946,0
239,3.5985437443368844,0
225,-14.637192397193346,33.96488040941408,3
241,4.995130057316116,0
207,2.841849037878497,0
208,3.0285339280394576,0
226,-14.687807442493241,36.64780379574218,3
241,3.9650943427599934,0
189,4.466580428348377,0
209,3.4191494166266385,0
227,-11.866076973606438,-47.515066751341045,3
213,2.134074022414489,0
242,3.2600367367921628,0
243,4.448143226434446,0
228,-11.227582315021516,-45.41871792821123,2
213,3.466296083390304,0
244,3.7928262729093167,0
229,-12.056181461826053,-42.91719710768522,3
213,4.977300788240087,0
230,4.2415713351380395,0
245,3.9025705318264565,0
230,-10.786791135337968,-38.870028271315384,2
229,4.2415713351380395,0
246,2.6905587001469695,0
231,-10.810329714183116,-36.986361492714316,1
216,4.2199318717209735,0
232,-10.61565923236344,-27.613780328669517,1
233,2.822380532089869,0
233,-11.702622523348058,-25.009103252337063,2
235,4.561114359613356,0
232,2.822380532089869,0
234,-10.746000938601508,-23.18048063349242,1
235,2.750179476094635,0
235,-11.227582315021516,-20.472794069538317,4
248,3.7610879703468445,0
219,2.5688280928156733,0
233,4.561114359613356,0
234,2.750179476094635,0
236,-11.510748795142112,2.7885010124058995,2
220,2.21887434691295,0
254,3.6420668372969716,0
237,-10.69707861109553,5.069580427001245,1
220,3.646062966294085,0
238,-10.936229257858102,8.190109095520983,2
221,4.148288863785086,0
258,3.9157078734615958,0
239,-11.118901943579463,23.154617573343632,3
224,3.5985437443368844,0
259,4.665819579985884,0
260,2.386420429987165,0
240,-12.078903731170666,33.858258798631844,1
261,3.243272887438822,0
241,-10.748605394840723,37.10019784384351,3
277,4.431457718696624,0
225,4.995130057316116,0
226,3.9650943427599934,0
242,-8.689308489721126,-48.24717434249655,3
227,3.2600367367921628,0
263,3.0701273615834785,0
264,4.436463012241535,0
243,-8.04701719245296,-45.23454914543431,3
227,4.448143226434446,0
265,3.7478962310119437,0
279,4.47177245303765,0
244,-9.067428588103331,-42.301144029720184,2
228,3.7928262729093167,0
266,4.081882897906728,0
245,-9.219056172186903,-40.237499951891266,1
229,3.9025705318264565,0
246,-9.083726830193427,-36.78707889807582,1
230,2.6905587001469695,0
247,-8.657670851792235,-18.967357945456268,1
248,1.734340408969358,0
248,-9.184542440945265,-17.314982993235265,3
249,3.971803499601799,0
235,3.7610879703468445,0
247,1.734340408969358,0
249,-8.009841478851802,-13.52086904013557,3
250,2.6029813979952556,0
248,3.971803499601799,0
268,4.03884458104631,0
250,-7.949924294877233,-10.918577340618798,3
271,3.2330736401533806,0
249,2.6029813979952556,0
269,3.6264624550692472,0
251,-8.651389827466296,-8.076272744391797,1
252,2.5617730080808245,0
252,-8.14756829238317,-5.564531355291805,2
253,2.599203879532432,0
251,2.5617730080808245,0
253,-8.651389827466296,-3.0146245593161316,3
254,3.7936981380661767,0
252,2.599203879532432,0
272,4.625769071605672,0
254,-8.475866822768142,0.7750109426270972,3
236,3.6420668372969716,0
253,3.7936981380661767,0
273,4.688791414257806,0
255,-9.136701025846866,2.2902998319237566,1
220,4.638903354736626,0
256,-9.155011374437652,5.316058059855332,1
221,4.700725229305761,0
257,-9.172477574573323,8.402496418325574,2
222,4.354552767293925,0
274,4.776816134232369,0
258,-8.047731076308322,10.833846299834745,2
238,3.9157078734615958,0
289,4.994734445231367,0
259,-7.688021256988561,19.99250908890525,2
239,4.665819579985884,0
275,3.8570848430621245,0
260,-9.042547561841735,21.978286433698564,1
239,2.386420429987165,0
261,-8.842976011822433,33.640105601200545,2
276,3.0067047539950984,0
240,3.243272887438822,0
262,-8.353033174748324,36.42177037265468,1
276,3.6596832468410025,0
263,-5.652337411003432,-47.7971869166991,2
242,3.0701273615834785,0
278,3.397834698463744,0
264,-6.192954848092489,-44.57969256954734,2
242,4.436463012241535,0
280,3.921229603689537,0
265,-5.32403888061846,-42.659259788544006,2
243,3.7478962310119437,0
281,3.7769729663880964,0
266,-5.919208019255656,-39.70297635959036,1
244,4.081882897906728,0
267,-4.9813524700748175,-20.169219625288974,1
268,3.266796593140426,0
268,-6.331481962672943,-17.194474201866893,2
249,4.03884458104631,0
267,3.266796593140426,0
269,-6.1878161963021245,-14.088152231193698,2
250,3.6264624550692472,0
283,4.448400760509254,0
270,-5.193513218174248,-10.697244470006648,2
271,2.8891519601368825,0
284,4.286329183679306,0
271,-6.40912263829664,-8.076272744391797,3
273,4.642794496217716,0
250,3.2330736401533806,0
270,2.8891519601368825,0
272,-4.864491845223851,-5.671152966074037,3
253,4.625769071605672,0
286,3.544513553761141,0
287,2.762141883251429,0
273,-6.408650468527939,-3.43347827218379,3
254,4.688791414257806,0
271,4.642794496217716,0
288,3.07465732869401,0
274,-5.139960344085296,10.963116883384746,2
257,4.776816134232369,0
290,2.6403717034863687,0
275,-5.223487780688251,22.959524126072182,3
259,3.8570848430621245,0
291,2.889416464747969,0
292,3.27579185986778,0
276,-5.838763378451961,33.7624981303597,3
294,4.114016381085744,0
261,3.0067047539950984,0
262,3.6596832468410025,0
277,-6.395526760422193,36.27042443190216,2
295,4.009472081811945,0
241,4.431457718696624,0
278,-2.275412703307392,-48.173564594884475,1
263,3.397834698463744,0
279,-3.585593226531937,-45.53859695097134,3
243,4.47177245303765,0
301,4.195722949132715,0
302,3.4958404418240288,0
280,-2.841515566991764,-42.54403632402202,3
264,3.921229603689537,0
303,3.3506723457865273,0
304,3.8243815400747567,0
281,-2.8894368434499382,-39.77165910468182,2
265,3.7769729663880964,0
305,4.001975851141104,0
282,-2.3540123789438683,-20.29793546219389,2
283,3.9536321686578297,0
307,3.513836328815664,0
283,-2.3540123789438683,-16.34430329353606,3
269,4.448400760509254,0
282,3.9536321686578297,0
308,3.830633569966887,0
284,-2.1578230583101146,-13.72333156792121,2
270,4.286329183679306,0
309,3.8620791848759075,0
285,-2.4085671997177815,-11.234968367364202,2
286,2.6011119734457937,0
310,2.6750769776126515,0
286,-3.044672283368622,-8.712835575270052,4
272,3.544513553761141,0
285,2.6011119734457937,0
311,3.6461791536718313,0
312,3.6417212502824747,0
287,-2.1370063311780347,-6.107330170753487,1
272,2.762141883251429,0
288,-3.3430747501345186,-3.1973359344117367,3
273,3.07465732869401,0
313,4.506187436846531,0
314,3.9541675644683036,0
289,-3.420369764573918,8.953713467015653,2
258,4.994734445231367,0
315,4.381128513699502,0
290,-2.5005094688537564,11.032843562718911,1
274,2.6403717034863687,0
291,-2.3627826553223894,22.55320689475884,4
275,2.889416464747969,0
316,3.867780429289051,0
317,2.3663503844242917,0
318,4.552566744474081,0
292,-2.8894368434499382,25.258005914460544,2
275,3.27579185986778,0
293,3.1007113354790117,0
293,-2.344994974769354,28.31054483109955,2
292,3.1007113354790117,0
294,3.121327377631528,0
294,-2.4497948910742924,31.430112361366298,2
293,3.121327377631528,0
276,4.114016381085744,0
295,-3.3694254363277856,33.640105601200545,4
320,4.232733793399914,0
277,4.009472081811945,0
296,3.2663564926540256,0
322,4.334636720747535,0
296,-2.326171590399332,36.73537718057102,3
295,3.2663564926540256,0
297,3.459200604250183,0
323,2.6867092584763785,0
297,-3.010612028262822,40.12618978339384,4
296,3.459200604250183,0
298,1.9918396048322067,0
299,4.380592185660881,0
324,3.906894400962314,0
298,-3.2312921410829443,42.105766833974045,2
297,1.9918396048322067,0
325,4.13499417847495,0
299,-2.3144452049307995,44.451110551588904,3
297,4.380592185660881,0
300,3.26948272530991,0
326,4.783457500727417,0
300,-3.312473969779573,47.56454207896097,1
299,3.26948272530991,0
301,-0.21663114808329276,-48.0394339268364,3
279,4.195722949132715,0
327,3.662199872737593,0
328,4.48612724933384,0
302,-0.27214919572625007,-44.424151326721066,2
279,3.4958404418240288,0
329,4.336743624081298,0
303,0.4973578213653709,-42.263092085178904,3
280,3.3506723457865273,0
330,4.181468879411822,0
335,4.922139595347243,0
304,0.11755506054579179,-40.12127030450856,2
280,3.8243815400747567,0
331,3.739437117536659,0
305,-0.2759382041445043,-36.74091075229998,1
281,4.001975851141104,0
306,0.6865230805866684,-25.672523728692823,1
307,3.1749841434440866,0
307,0.3737345206904108,-22.512984580665155,2
282,3.513836328815664,0
306,3.1749841434440866,0
308,-0.005278587474026097,-19.37039039145062,1
283,3.830633569966887,0
309,-0.5293410595805816,-17.225288450874743,1
284,3.8620791848759075,0
310,-0.7484679368927867,-13.332611633918633,1
285,2.6750769776126515,0
311,-0.6131385948993121,-11.429868210795409,1
286,3.6461791536718313,0
312,0.5970390359632893,-8.70433078786657,1
286,3.6417212502824747,0
313,0.40080787647725713,-5.705137380728414,1
288,4.506187436846531,0
314,0.6088095846138519,-3.0629806864173794,1
288,3.9541675644683036,0
315,0.46951703282083446,10.969418742348534,1
289,4.381128513699502,0
316,0.40080787647725713,19.847233350590542,1
291,3.867780429289051,0
317,-0.005278587474026097,22.348784019464976,1
291,2.3663503844242917,0
318,0.362171002504152,26.200190789100724,3
291,4.552566744474081,0
319,2.6694832236123194,0
320,4.448444458230524,0
319,0.6865230805866684,28.849895755807616,1
318,2.6694832236123194,0
320,-0.45188081358497745,30.573516496006608,3
318,4.448444458230524,0
295,4.232733793399914,0
321,3.2857040550841203,0
321,-0.3723877765283172,33.858258798631844,1
320,3.2857040550841203,0
322,-0.2187202544270107,36.61703898265142,1
295,4.334636720747535,0
323,-0.6974010970675032,38.8720833652474,1
296,2.6867092584763785,0
324,0.5090842068339034,41.82193807630662,1
297,3.906894400962314,0
325,-0.5376988085312839,45.243079667412076,2
298,4.13499417847495,0
332,4.584018342096322,0
326,0.790558418408001,48.08984909129168,2
299,4.783457500727417,0
337,4.634048505848764,0
327,3.4455660747880925,-48.03502839935881,3
301,3.662199872737593,0
333,2.7182510729922287,0
334,4.138188918368865,0
328,3.432338996378562,-45.429768319513954,2
301,4.48612724933384,0
338,4.341171939048946,0
329,3.4205684477279994,-42.150128093169684,3
302,4.336743624081298,0
336,4.2604320103610895,0
339,4.412009062966624,0
330,2.941084472310502,-38.870028271315384,1
303,4.181468879411822,0
331,2.642727819592529,-37.36321075239966,1
304,3.739437117536659,0
332,3.1784060638426235,47.92706713724021,2
325,4.584018342096322,0
341,4.954879909411656,0
333,6.154385335250265,-48.26127408433992,1
327,2.7182510729922287,0
334,5.425915951925494,-44.4014596456082,1
327,4.138188918368865,0
335,5.419127377017379,-42.323446348840754,2
303,4.922139595347243,0
340,3.8172607420824014,0
336,6.192571075747509,-38.914810126545326,2
329,4.2604320103610895,0
342,4.872267927618445,0
337,5.419127377017379,47.864560498689094,1
326,4.634048505848764,0
338,7.7731871382266196,-45.482789200308716,1
328,4.341171939048946,0
339,7.786165096150586,-42.78839909750962,1
329,4.412009062966624,0
340,8.537123567331426,-40.12127030450856,1
335,3.8172607420824014,0
341,8.103905587988704,47.388282064759544,3
332,4.954879909411656,0
366,4.3463293735168556,0
367,2.5589061426424413,0
342,11.018179442914322,-39.587490321904895,3
336,4.872267927618445,0
368,2.702961600174871,0
369,4.21211388295224,0
343,10.532526002060294,-27.45025869274216,1
344,2.137346617786371,0
344,11.2888390595848,-25.451198632718757,2
345,3.4453840823804462,0
343,2.137346617786371,0
345,11.972576061754205,-22.074339857616526,3
347,4.802582558690251,0
344,3.4453840823804462,0
370,3.9727012423387658,0
346,11.76363467987966,-19.900145383663844,1
347,2.6440508222015855,0
347,10.974396424689612,-17.376634391627263,3
348,3.2206832338900195,0
345,4.802582558690251,0
346,2.6440508222015855,0
348,11.059698002543994,-14.157080985659935,3
349,3.4457413150783913,0
347,3.2206832338900195,0
373,4.434450736739063,0
349,10.723957263389114,-10.72773536783284,2
351,4.682864328421773,0
348,3.4457413150783913,0
350,11.959824000513414,-8.832714598030156,2
377,3.8259818075438585,0
375,2.6706917310542426,0
351,10.974396424689612,-6.051572566465441,2
352,3.7104055196080137,0
349,4.682864328421773,0
352,11.77790557993453,-2.429213920862384,2
378,2.664302904597551,0
351,3.7104055196080137,0
353,10.805173089043956,-0.6373341042731129,1
378,4.0138645445547025,0
354,11.431270608779228,3.220092570373605,1
379,4.543425754275903,0
355,10.787147275306637,5.054813484154638,1
380,4.189952796951846,0
356,11.075397392631816,8.400780514808496,1
381,3.8149625420151496,0
357,10.8698054762758,20.3614839010409,1
358,1.9635766855004568,0
358,10.60969450791529,22.30775615434451,3
359,3.3670677726711187,0
357,1.9635766855004568,0
383,4.413778803480966,0
359,11.76363467987966,25.470913985576978,3
360,3.2391935096934272,0
358,3.3670677726711187,0
384,4.187136914164731,0
360,10.580163441407677,28.486170263399746,2
361,3.3471390966110515,0
359,3.2391935096934272,0
361,11.656288649562978,31.655601548099725,2
363,4.616878531135774,0
360,3.3471390966110515,0
362,10.532053832291592,34.11015614772879,1
385,3.821838976463226,0
363,10.886354917740585,36.207828411939495,2
364,3.4044078826133215,0
361,4.616878531135774,0
364,11.113316054886646,39.604662478158374,2
365,2.622413675166011,0
363,3.4044078826133215,0
365,10.532053832291592,42.161846028919165,3
366,3.2074543655491374,0
364,2.622413675166011,0
386,4.465846296606723,0
366,11.80320185389273,45.10666286774968,5
341,4.3463293735168556,0
365,3.2074543655491374,0
387,3.9722444088134434,0
388,2.3428902070552273,0
389,4.374600115769309,0
367,10.628004856506076,47.80890485244857,1
341,2.5589061426424413,0
368,13.709884329505295,-39.83391721881791,3
342,2.702961600174871,0
390,4.005812574583912,0
391,3.9774602402147314,0
369,14.211995672791737,-36.84132185425208,1
342,4.21211388295224,0
370,13.797925836454322,-25.60285985343378,1
345,3.9727012423387658,0
371,14.663159311041632,-22.85978217111911,2
372,2.5209804560904354,0
392,3.514812107232432,0
372,14.532609270870458,-20.342184278881106,3
395,4.35307543646053,0
371,2.5209804560904354,0
393,4.059505399750981,0
373,13.856295039039917,-17.59850487004672,1
348,4.434450736739063,0
374,14.796105473518915,-14.522160801759565,1
375,3.912612590032779,0
375,13.841708854679032,-10.72773536783284,2
350,2.6706917310542426,0
374,3.912612590032779,0
376,13.856295039039917,-8.003222647383566,2
377,2.7706100242327465,0
397,4.5504391969459,0
377,13.369179121930749,-5.275769991574877,3
378,3.1265118543210892,0
350,3.8259818075438585,0
376,2.7706100242327465,0
378,14.440667001734482,-2.3385961631057484,5
401,3.6073735778986937,0
352,2.664302904597551,0
353,4.0138645445547025,0
377,3.1265118543210892,0
399,3.9872895710161957,0
379,14.730344260778566,0.09617985979712196,2
401,2.96194055906945,0
354,4.543425754275903,0
380,13.866611492050529,2.213580551345623,2
401,4.686357644911864,0
355,4.189952796951846,0
381,13.930564442325418,5.870570975003022,2
402,4.224936113566761,0
356,3.8149625420151496,0
382,14.85721525158339,8.545838948746614,1
403,3.5451365204758933,0
383,14.571192664178694,20.3614839010409,1
358,4.413778803480966,0
384,14.099660903596474,21.99598995474288,3
359,4.187136914164731,0
406,3.2332766364855425,0
407,3.5378891789146496,0
385,13.369179121930749,36.67085395358238,2
387,4.887624483392249,0
362,3.821838976463226,0
386,13.834522526516178,39.15560524205885,2
365,4.465846296606723,0
408,3.3195024436364386,0
387,13.579948250292253,41.553931821606305,4
366,3.9722444088134434,0
385,4.887624483392249,0
409,3.6975604470806545,0
410,3.029947695568407,0
388,14.099660903596474,45.570786079137626,2
366,2.3428902070552273,0
411,3.792785050990753,0
389,14.440667001734482,48.59677801868796,1
366,4.374600115769309,0
390,17.6807446633481,-39.30589961323228,4
368,4.005812574583912,0
412,2.73031157306057,0
413,3.189471950753907,0
427,4.361984070751921,0
391,16.25675333144471,-36.778815215700966,1
368,3.9774602402147314,0
392,17.29605312266616,-25.18825255440874,1
371,3.514812107232432,0
393,17.394722075943406,-23.221054609695752,2
372,4.059505399750981,0
414,3.76002391344287,0
394,16.391989473236258,-19.37039039145062,2
395,2.8385011830734683,0
415,4.677510222761039,0
395,16.660453369215258,-16.544613311979337,5
397,4.7293505717032485,0
372,4.35307543646053,0
394,2.8385011830734683,0
416,4.088257877819348,0
417,2.6485835151597783,0
396,17.007711802625547,-14.774975458282018,1
397,3.0262048758119557,0
397,16.322581333337812,-11.827347226899773,4
376,4.5504391969459,0
395,4.7293505717032485,0
396,3.0262048758119557,0
418,4.093742844653179,0
398,17.723743448893803,-8.388060767056515,1
399,2.895713446638914,0
399,16.328037875688935,-5.8509044222542705,3
378,3.9872895710161957,0
398,2.895713446638914,0
419,4.042561655770875,0
400,16.40347766205696,-2.7410019435271025,2
401,2.4473600525706107,0
420,4.1225757739445195,0
401,17.606882824042835,-0.6099488604190871,6
423,4.28247587032244,0
378,3.6073735778986937,0
379,2.96194055906945,0
380,4.686357644911864,0
400,2.4473600525706107,0
421,3.1157945675536554,0
402,17.203661782559244,3.19906971820473,2
423,3.1019521979099496,0
381,4.224936113566761,0
403,16.69014090381524,5.5113082597928225,2
423,4.527199780679343,0
382,3.5451365204758933,0
404,17.07832943230865,8.279493087742694,1
424,4.414337619282015,0
405,17.606750388488415,10.568757610412423,1
425,3.8334424042035367,0
406,16.371016086918534,19.694898161867314,2
384,3.2332766364855425,0
426,4.261554195614449,0
407,17.637317415291246,21.955415978539545,1
384,3.5378891789146496,0
408,16.532671594299007,37.22193306681017,1
386,3.3195024436364386,0
409,16.19270853369546,38.937553224903205,1
387,3.6975604470806545,0
410,16.511998068679592,42.317912777111786,1
387,3.029947695568407,0
411,17.116392174067602,47.86960118366008,1
388,3.792785050990753,0
412,20.37740308430797,-39.73325736343075,3
390,2.73031157306057,0
428,3.4316794924073704,0
435,4.464714565970589,0
413,20.248493815228645,-37.413970540126556,1
390,3.189471950753907,0
414,20.225452638795257,-25.695876686168862,3
393,3.76002391344287,0
429,2.9336747996427106,0
436,4.601023830476358,0
415,19.249570202174436,-23.073542327522805,2
394,4.677510222761039,0
430,3.939232634822873,0
416,19.00311423735441,-19.895104698692855,1
395,4.088257877819348,0
417,19.174958401979683,-17.376634391627263,1
395,2.6485835151597783,0
418,19.249570202174436,-14.68942106240011,1
397,4.093742844653179,0
419,19.58390429018076,-8.247076083820506,1
399,4.042561655770875,0
420,19.392318105824625,-5.580449744352637,1
400,4.1225757739445195,0
421,20.218251487708102,-2.3096339752635826,1
401,3.1157945675536554,0
422,20.243240319348292,0.40266145354528815,1
423,2.3398457696453243,0
423,20.271804361797052,2.7423328666300626,5
431,4.210945784533488,0
401,4.28247587032244,0
402,3.1019521979099496,0
403,4.527199780679343,0
422,2.3398457696453243,0
424,20.12259427155366,5.0828028923147786,2
431,3.2017263521642745,0
404,4.414337619282015,0
425,20.271804361797052,7.813259835835634,2
431,3.6588488607876326,0
405,3.8334424042035367,0
426,19.573001327430386,22.507038748983003,2
406,4.261554195614449,0
434,3.1723530266999664,0
427,22.039048296765664,-39.1267503111606,1
390,4.361984070751921,0
428,22.654770626154953,-37.16615370016525,1
412,3.4316794924073704,0
429,22.396530739195097,-27.668911838421078,1
414,2.9336747996427106,0
430,22.367092422513732,-25.48157242636798,1
415,3.939232634822873,0
431,23.26304289828748,5.70620810322403,5
437,2.65319948019859,0
423,4.210945784533488,0
424,3.2017263521642745,0
425,3.6588488607876326,0
433,4.998478487924046,0
432,23.29850726871802,9.085189873454683,1
437,4.528394304339441,0
433,23.095333773561762,10.701872307684052,1
431,4.998478487924046,0
434,22.744009348454277,22.414670699233174,3
426,3.1723530266999664,0
439,3.3070625274055785,0
447,4.960924907766106,0
435,24.84160432221265,-39.80095864170735,2
412,4.464714565970589,0
442,3.9695303480441533,0
436,24.814924353073145,-26.02171356630144,3
414,4.601023830476358,0
443,3.942264628606691,0
444,3.3958793491064427,0
437,25.895552638758065,5.375511946527946,4
445,2.892506134925311,0
431,2.65319948019859,0
432,4.528394304339441,0
438,3.1335452943920257,0
438,24.814924353073145,8.316829443872304,1
437,3.1335452943920257,0
439,26.02446190783739,21.99598995474288,1
434,3.3070625274055785,0
440,25.895552638758065,45.02271179681349,1
448,1.9413372765042165,0
441,25.927933874767746,47.86424943626341,1
448,3.6982560197219034,0
442,28.732651939012428,-39.01551632820476,1
435,3.9695303480441533,0
443,28.4763674899802,-27.482974856132827,3
436,3.942264628606691,0
450,2.5772773485347087,0
451,2.7086120647472294,0
444,28.169386685961822,-25.492961251017,1
436,3.3958793491064427,0
445,28.78341082610437,5.211600902490382,3
463,4.835490990879928,0
437,2.892506134925311,0
446,2.847599309386757,0
446,27.959355913502552,7.93735865545317,1
445,2.847599309386757,0
447,27.697595309115773,22.684415153914774,2
434,4.960924907766106,0
454,3.7099307576266094,0
448,27.806115715738404,44.67841664723361,3
455,3.9188019347741236,0
440,1.9413372765042165,0
441,3.6982560197219034,0
449,27.959355913502552,48.516050713868985,1
455,4.381885215852477,0
450,31.05354494193774,-27.46028317501996,2
443,2.5772773485347087,0
458,3.6299210860489324,0
451,30.786674333685518,-26.06909310534084,2
443,2.7086120647472294,0
459,4.735224001045843,0
452,30.296759714644534,5.6120304241706025,1
463,3.384592902362418,0
453,30.53927819104195,9.019077714490606,1
464,3.1418222308691197,0
454,31.37112563920731,23.20283693227821,3
447,3.7099307576266094,0
465,3.509045951314116,0
466,2.1713493197159814,0
455,31.512369134766928,45.9514815308624,3
467,1.9166323945225407,0
448,3.9188019347741236,0
449,4.381885215852477,0
456,31.66763311402562,47.880145189183224,1
467,3.0093950603261503,0
457,34.205372884087424,-40.13936062512497,1
469,2.3286844909311704,0
458,34.36614087405218,-25.976020637096987,4
450,3.6299210860489324,0
470,2.36601891510376,0
471,3.9583513230811844,0
493,4.8535794344079335,0
459,33.7015513490043,-22.337359148364957,3
451,4.735224001045843,0
460,2.6953022490271143,0
472,3.927755996693911,0
460,34.28316081765374,-19.70555660265832,2
459,2.6953022490271143,0
473,3.54232789189373,0
461,33.892279032510125,-14.695125455351697,1
472,4.953722804941824,0
462,34.58104267607096,2.919709271561832,1
463,2.224969718595003,0
463,33.61020374545023,4.9216987868830095,4
478,4.924715403410169,0
445,4.835490990879928,0
452,3.384592902362418,0
462,2.224969718595003,0
464,33.474590211858235,7.898814231717542,2
478,2.9616201349101243,0
453,3.1418222308691197,0
465,33.606414737031976,20.497862600130087,2
454,3.509045951314116,0
480,4.648894245879047,0
466,33.31039361462886,22.22610893138161,2
454,2.1713493197159814,0
481,4.321881566986761,0
467,33.34159556840376,45.37928367153621,5
487,4.8418880635644435,0
455,1.9166323945225407,0
456,3.0093950603261503,0
468,3.2176005477027494,0
489,4.399837499522149,0
468,33.33316594382449,48.596873177052174,1
467,3.2176005477027494,0
469,36.514177798018636,-39.8357303767793,2
457,2.3286844909311704,0
492,3.9302400640258157,0
470,36.44453033315757,-24.84538242665637,1
458,2.36601891510376,0
471,36.700603765467164,-22.779330441669075,1
458,3.9583513230811844,0
472,36.02145921379765,-19.167927863664982,2
459,3.927755996693911,0
461,4.953722804941824,0
473,36.639974921255956,-17.061031281405004,3
460,3.54232789189373,0
474,3.7403502995812423,0
494,4.239704793676857,0
474,37.32791901596457,-13.384490341046385,2
473,3.7403502995812423,0
514,4.530383276800537,0
475,36.86165640727781,0.5138954365011204,1
477,4.94886629834881,0
476,36.88109805642055,3.324331107780271,2
497,4.151179227771741,0
495,4.74024776388951,0
477,36.422220654467395,5.443213224804548,2
478,3.6955003882043354,0
475,4.94886629834881,0
478,36.16818354440991,9.129971728684621,4
499,4.043457308437749,0
463,4.924715403410169,0
464,2.9616201349101243,0
477,3.6955003882043354,0
479,36.00848125587368,10.656783542785714,1
499,3.8464729349544706,0
480,37.48844933124674,23.0556008820282,4
465,4.648894245879047,0
482,4.955832894173475,0
500,2.944260817199346,0
501,2.2251689534034416,0
481,36.1566953555892,25.47837378505913,2
466,4.321881566986761,0
502,4.3007956653916315,0
482,36.49380883246462,27.910595212936766,3
480,4.955832894173475,0
483,2.555346518639487,0
503,4.042035790251692,0
483,36.968367664912186,30.421489425138656,3
482,2.555346518639487,0
484,3.7116400502995863,0
504,4.725510953768642,0
484,37.38068995711102,34.11015614772879,3
483,3.7116400502995863,0
485,2.998597384404987,0
505,3.3619494795099394,0
485,37.416154327541555,37.10854380648647,4
484,2.998597384404987,0
486,3.036448421658835,0
487,4.920968580918556,0
506,2.726189988780916,0
486,37.0796168736316,40.12628494175806,1
485,3.036448421658835,0
487,36.80023096690939,41.99081481373455,4
485,4.920968580918556,0
467,4.8418880635644435,0
488,3.633520358490233,0
508,3.68605050936492,0
488,37.37158870639578,45.57913204178059,1
487,3.633520358490233,0
489,37.018184462736734,47.79615440127513,1
467,4.399837499522149,0
490,39.31278061662259,-48.36212636273604,1
491,3.118380707441653,0
491,39.33770720978333,-45.24384528151554,3
492,2.6487740549530625,0
490,3.118380707441653,0
510,3.819768454889116,0
492,39.31278061662259,-42.59518851644652,5
469,3.9302400640258157,0
491,2.6487740549530625,0
511,4.194760051738857,0
512,2.5591108370399027,0
513,3.7421950346143644,0
493,38.93257141189667,-27.6206924794865,1
458,4.8535794344079335,0
494,40.126450800669176,-14.6486501589875,1
473,4.239704793676857,0
495,40.013199697581584,-0.23374255257245513,1
476,4.74024776388951,0
496,38.980224767353896,2.519023957652688,2
497,3.571833661910235,0
515,4.088134086495025,0
497,40.138221349319736,5.897934969282102,5
499,4.906459094023517,0
476,4.151179227771741,0
496,3.571833661910235,0
516,4.124788084283041,0
517,2.842734904343027,0
498,39.15702398817756,9.092102024271663,1
499,1.8404013989477683,0
499,39.85243170761683,10.796063706057136,6
519,4.488712147811946,0
478,4.043457308437749,0
479,3.8464729349544706,0
497,4.906459094023517,0
498,1.8404013989477683,0
518,3.660110505980676,0
500,40.21593484529255,21.946775138114567,4
480,2.944260817199346,0
521,2.875540503561223,0
522,4.447691472230704,0
544,4.984452613779727,0
501,38.9835157401428,24.703676518696984,1
480,2.2251689534034416,0
502,39.8842884167838,27.6235761824066,3
481,4.3007956653916315,0
523,2.920635873840282,0
524,3.6338687997950743,0
503,39.34232914820777,30.778344389638626,2
482,4.042035790251692,0
525,4.520381063744459,0
504,39.95298280754704,34.08516602447738,2
483,4.725510953768642,0
526,3.4175306183060212,0
505,40.00794620170123,36.207828411939495,1
484,3.3619494795099394,0
506,38.815457559054735,39.44821521957124,1
485,2.726189988780916,0
507,39.022441392953695,41.99081481373455,2
527,4.118424577952399,0
529,4.895687781709336,0
508,39.46350433302065,44.53913648396219,2
487,3.68605050936492,0
530,4.840951972428422,0
509,40.013199697581584,47.73924097718953,1
528,4.9975719827197,0
510,41.81218380369788,-48.153758791421815,1
491,3.819768454889116,0
511,42.16123662154804,-45.67452452923699,4
492,4.194760051738857,0
531,4.527030447127214,0
532,2.5768602754269123,0
533,3.9897490079890865,0
512,41.81218380369788,-42.045614149601626,2
492,2.5591108370399027,0
534,4.440223331125089,0
513,42.06981664416323,-40.064817788680465,1
492,3.7421950346143644,0
514,41.59134953147206,-14.916656413687818,2
474,4.530383276800537,0
536,4.654731156524034,0
515,41.837805496292084,-0.40451374293603504,1
496,4.088134086495025,0
516,42.4194765085079,2.4614030490286694,3
497,4.124788084283041,0
537,3.0501284637956614,0
538,2.1917181728431623,0
517,42.974977839493974,5.713667902706182,1
497,2.842734904343027,0
518,42.14086765599403,7.939585135130152,2
499,3.660110505980676,0
539,4.734117562315583,0
519,42.949980212433886,14.044714196063742,3
520,2.1902028537054528,0
499,4.488712147811946,0
541,4.459397984943807,0
520,43.03946425705726,16.233088283402868,3
544,3.8107198154507405,0
519,2.1902028537054528,0
542,3.591662951101676,0
521,43.02774878064042,22.548801367281246,3
500,2.875540503561223,0
545,2.770800933211364,0
546,3.237510450831347,0
522,42.96563837842562,25.442642685952904,4
500,4.447691472230704,0
547,3.6057723042100873,0
562,4.461955544111777,0
563,4.8814912041976655,0
523,42.75374905294785,28.167919424366815,2
502,2.920635873840282,0
548,4.430608858304041,0
524,41.82360011689001,30.696697166675726,2
502,3.6338687997950743,0
549,4.404312071806095,0
525,42.06981664416323,34.383154637192035,3
503,4.520381063744459,0
527,4.839939111199049,0
550,3.8767389288431446,0
526,41.60447323957781,37.07717118489572,2
504,3.4175306183060212,0
551,4.967818876244684,0
527,42.0722180750976,39.223093152632465,4
525,4.839939111199049,0
507,4.118424577952399,0
528,3.8392021105523244,0
552,3.616851207205241,0
528,41.73434603922016,43.047399015536406,2
527,3.8392021105523244,0
509,4.9975719827197,0
529,42.96563837842562,44.89235860794879,1
507,4.895687781709336,0
530,41.80704515190751,48.7750109426271,1
508,4.840951972428422,0
531,45.86299366882197,-48.28047913977314,1
511,4.527030447127214,0
532,44.41440677346807,-44.424151326721066,2
511,2.5768602754269123,0
555,4.082398485583212,0
533,44.58672310786205,-42.5066999678924,1
511,3.9897490079890865,0
534,45.637217344677616,-39.7906858490458,1
512,4.440223331125089,0
535,44.58672310786205,-25.98924310241052,0
536,45.96702900664331,-13.329220975605168,2
514,4.654731156524034,0
557,2.2410635666292187,0
537,44.76870785891706,0.5160507138689885,1
516,3.0501284637956614,0
538,44.60451126168768,2.6324342642132814,1
516,2.1917181728431623,0
539,45.86299366882197,5.014239507951305,2
518,4.734117562315583,0
558,3.183835750517402,0
540,44.9005323840908,8.953713467015653,1
541,1.9562001368477537,0
541,45.85492900293068,10.661298331480719,2
519,4.459397984943807,0
540,1.9562001368477537,0
542,45.87516032312978,14.02880368853377,2
520,3.591662951101676,0
559,2.735562524609789,0
543,44.75215841745228,17.192052616340934,1
544,2.493276147604508,0
544,44.65692524986549,19.683509337218293,5
500,4.984452613779727,0
520,3.8107198154507405,0
543,2.493276147604508,0
560,3.5599577714030795,0
561,2.8214417655165165,0
545,45.798507251258684,22.564141151573022,1
521,2.770800933211364,0
546,44.74729218632665,25.29190989506559,1
521,3.237510450831347,0
547,45.294025648781094,28.195860190810652,1
522,3.6057723042100873,0
548,45.53435897743602,31.617340144302286,1
523,4.430608858304041,0
549,44.95532771663139,33.79350957088671,2
524,4.404312071806095,0
564,3.6646180412519187,0
550,44.98938797173719,36.9336855594935,1
525,3.8767389288431446,0
551,45.87261153293831,39.61926085599757,3
526,4.967818876244684,0
553,4.9465384991129815,0
565,3.631522148251797,0
552,44.41440677346807,41.97913465382356,1
527,3.616851207205241,0
553,44.89574748686231,44.46838240104992,2
551,4.9465384991129815,0
554,3.44404746336853,0
554,44.98938797173719,47.911156629710234,1
553,3.44404746336853,0
555,47.77206855348797,-42.102065030717895,1
532,4.082398485583212,0
556,47.81919840782782,-20.356951221727712,0
557,47.71687546769264,-14.729364994063987,1
536,2.2410635666292187,0
558,47.76558035548517,2.4614030490286694,1
539,3.183835750517402,0
559,47.454103975436915,11.794919343074387,1
542,2.735562524609789,0
560,47.51105544198513,17.555778108748804,1
544,3.5599577714030795,0
561,47.42804067345238,19.152987947112486,1
544,2.8214417655165165,0
562,47.410252519626745,25.04963834314632,1
522,4.461955544111777,0
563,47.31557686085646,27.65781572111889,1
522,4.8814912041976655,0
564,47.46230119146872,36.46643107828851,1
549,3.6646180412519187,0
565,47.748964433226995,42.72848148291062,1
551,3.631522148251797,0
