548
0,-48.179132285898824,-34.604002914294846,4
1,4.089431112727361,0
16,3.8501207518532485,0
17,2.7859526970111856,0
18,4.437366671396319,0
1,-47.214068674365585,-30.63007550536587,5
0,4.089431112727361,0
2,1.9633943273080785,0
19,2.6047145637206435,0
36,4.931557618517219,0
37,4.8917218926879045,0
2,-48.08924594770979,-28.87252549904248,3
1,1.9633943273080785,0
3,3.128247400394839,0
20,4.757349371738771,0
3,-48.431712969192326,-25.76308051041928,1
2,3.128247400394839,0
4,-48.65547261459238,5.319074325906284,1
21,2.705232948457035,0
5,-48.06295974880242,9.026157507526252,1
21,4.369730638826204,0
6,-47.55821446824973,11.582465472828545,3
22,4.1712148285178445,0
7,2.6860172638195454,0
24,3.860865690298166,0
7,-48.43026334897278,14.122981068365466,2
6,2.6860172638195454,0
8,2.8585110741730886,0
8,-47.86432455039884,16.92490876861736,1
7,2.8585110741730886,0
9,-48.023183926664835,19.726588723403292,3
25,4.3178475875675355,0
10,2.2633290774426973,0
27,3.358099256814579,0
10,-47.98970439395986,21.98967016994636,3
9,2.2633290774426973,0
11,4.118398675824716,0
28,3.484419856128658,0
11,-48.77317584804327,26.032859521642767,4
10,4.118398675824716,0
12,1.8369103046369017,0
13,4.298380230165144,0
29,4.003298425007745,0
12,-47.79811511552414,27.589617702986448,2
11,1.8369103046369017,0
30,4.384770303287989,0
13,-48.39387021471222,30.314471348933733,2
11,4.298380230165144,0
31,4.6818196767525135,0
14,-47.953578634050864,48.333486731419995,1
32,3.1568049206869135,0
15,-44.64836259730605,-48.44740037002409,1
33,2.5534323289737815,0
16,-45.20599014341194,-37.05019497634139,2
0,3.8501207518532485,0
34,3.618407631610702,0
17,-45.41111274497322,-34.28840783981191,2
0,2.7859526970111856,0
35,3.9199681214805184,0
18,-45.09863583133873,-31.410139333948692,1
0,4.437366671396319,0
19,-45.2292355710034,-28.943369985645234,2
1,2.6047145637206435,0
38,4.542289838115016,0
20,-44.534553089159004,-25.710796268676397,2
2,4.757349371738771,0
39,4.099272087703249,0
21,-45.952876611702514,5.19965845350532,3
42,2.895831176727357,0
4,2.705232948457035,0
5,4.369730638826204,0
22,-45.58288522148557,7.908624497428918,4
42,3.21919261137039,0
6,4.1712148285178445,0
23,2.641149721569542,0
44,4.977107749265109,0
23,-45.57608574986082,10.54976546658079,1
22,2.641149721569542,0
24,-44.41084779875284,13.81861549602949,1
6,3.860865690298166,0
25,-45.00159260125142,16.6421449077942,4
45,4.131674810586935,0
9,4.3178475875675355,0
26,3.1297894265161212,0
47,4.103295310865646,0
26,-44.61880812010368,19.748438180382056,2
25,3.1297894265161212,0
48,3.7909000999836837,0
27,-45.57608574986082,22.026271556252446,1
9,3.358099256814579,0
28,-45.87420625334774,24.758397197092645,2
10,3.484419856128658,0
50,4.806612900971703,0
29,-45.2292355710034,27.89481698421919,1
11,4.003298425007745,0
30,-44.45055908831655,30.421592148016344,1
12,4.384770303287989,0
31,-45.04079513863414,33.581935659344936,1
13,4.6818196767525135,0
32,-44.940846146508804,47.390692869655005,2
52,2.7047726375497176,0
14,3.1568049206869135,0
33,-42.21726572686943,-47.666513268580005,2
54,2.8164551162283056,0
15,2.5534323289737815,0
34,-41.588109316194526,-37.11193725157661,5
16,3.618407631610702,0
55,4.790011244753704,0
56,3.2852220950908224,0
57,2.7073279199359304,0
80,4.687407516099167,0
35,-41.58731838698813,-33.425420712871464,1
17,3.9199681214805184,0
36,-42.285752396632695,-30.80884689957721,4
1,4.931557618517219,0
58,3.7124234754446923,0
59,3.492764165706958,0
60,4.302556651126734,0
37,-42.78465414566291,-28.554207010417354,2
1,4.8917218926879045,0
61,4.60527487290308,0
38,-41.762526785757,-26.008352579949257,2
19,4.542289838115016,0
62,4.326962719898567,0
39,-41.83479353774922,-22.626103413043182,2
20,4.099272087703249,0
63,4.110264258484686,0
40,-41.74242650458924,-7.859966699254763,2
66,3.691744624426677,0
41,1.6793367062699693,0
41,-41.78727052789027,-6.181228844019514,1
40,1.6793367062699693,0
42,-43.12611702451386,5.828362231403288,4
71,4.3896512000950345,0
21,2.895831176727357,0
22,3.21919261137039,0
43,2.432555286637743,0
43,-42.354135013237496,8.135171498944697,1
42,2.432555286637743,0
44,-42.81997172438094,12.04842045318711,1
22,4.977107749265109,0
45,-42.351926230055135,13.471970644162925,3
74,3.577193628268422,0
25,4.131674810586935,0
46,3.537839832776891,0
46,-41.79527870833897,16.965744280068673,1
45,3.537839832776891,0
47,-42.53207346236941,19.919111131432686,1
25,4.103295310865646,0
48,-41.678168497719646,22.140834924093557,2
26,3.7909000999836837,0
49,3.728949694280901,0
49,-41.588109316194526,25.868696934187366,2
48,3.728949694280901,0
51,4.989868519760262,0
50,-42.69759963556221,28.3657089351642,1
28,4.806612900971703,0
51,-42.77843481578191,30.714510906011554,1
49,4.989868519760262,0
52,-42.40570615923869,48.333486731419995,2
75,2.8943779487379193,0
32,2.7047726375497176,0
53,-39.74046594553089,-47.71165217423028,1
54,1.810564938296303,0
54,-40.00706571320464,-45.92082276871333,4
55,4.271200787385646,0
33,2.8164551162283056,0
53,1.810564938296303,0
76,4.367663050237943,0
55,-40.05474378683024,-41.6498880973025,5
34,4.790011244753704,0
54,4.271200787385646,0
77,4.8867066766560585,0
78,3.5430662458409867,0
79,3.9944510576644885,0
56,-39.7779895944334,-39.85349717376769,1
34,3.2852220950908224,0
57,-38.88749426562959,-37.30247022700808,2
34,2.7073279199359304,0
103,4.897254001216674,0
58,-39.558931319882525,-33.32807989325284,3
36,3.7124234754446923,0
81,3.150506972506768,0
82,3.208039624589986,0
59,-38.85463908595494,-31.462194407827283,2
36,3.492764165706958,0
83,3.3160495976387887,0
60,-38.749651019327075,-28.357728627120288,3
36,4.302556651126734,0
84,4.0318143772893835,0
105,4.6781847537988295,0
61,-39.977179943943476,-24.90363921051659,2
37,4.60527487290308,0
85,3.465988570458206,0
62,-40.05474378683024,-22.032666021885515,3
38,4.326962719898567,0
64,4.626672371759887,0
86,4.524004843637395,0
63,-39.13738172847858,-19.524774374423778,3
39,4.110264258484686,0
65,4.796684610133506,0
87,3.4515397131756966,0
64,-39.96835513056199,-17.406800239604923,2
62,4.626672371759887,0
88,3.9343091636077903,0
65,-39.395611210947166,-14.735045699073197,2
63,4.796684610133506,0
66,3.9298402839757816,0
66,-39.519116158665746,-10.807146618718932,5
65,3.9298402839757816,0
40,3.691744624426677,0
67,2.0030167514156485,0
68,4.924774136688074,0
90,4.36180142948129,0
67,-39.96835513056199,-8.855157773315018,1
66,2.0030167514156485,0
68,-38.93697289614674,-5.916900252808979,4
66,4.924774136688074,0
69,3.6298915733105988,0
91,2.4040227046982525,0
92,4.21802233049713,0
69,-39.53468932751367,-2.3365583834248165,3
68,3.6298915733105988,0
70,3.0903720199891382,0
93,3.466944031383921,0
70,-39.58217674747399,0.753448763310812,4
69,3.0903720199891382,0
71,2.3234961738379867,0
94,3.6288774492739595,0
95,4.886532952125591,0
71,-39.70854405060471,3.0735060415992668,3
70,2.3234961738379867,0
42,4.3896512000950345,0
72,3.0965548627173662,0
72,-40.179549384532855,6.1340298518692995,2
71,3.0965548627173662,0
74,4.407675204651549,0
73,-38.97174929657427,8.13867688277163,2
94,4.92594816546038,0
97,3.327965170924062,0
74,-40.30258761274916,10.539987444050308,2
72,4.407675204651549,0
45,3.577193628268422,0
75,-39.618657712415676,47.55259962997591,2
98,4.589638770173564,0
52,2.8943779487379193,0
76,-36.36003826582793,-48.32408540906181,1
54,4.367663050237943,0
77,-36.03110967419023,-44.42302182492448,4
55,4.8867066766560585,0
100,3.4911900542565433,0
101,2.332307624711191,0
102,3.3047771560923436,0
78,-36.75864733570928,-42.94952905053749,1
55,3.5430662458409867,0
79,-36.65946098699204,-39.545679466676766,1
55,3.9944510576644885,0
80,-36.91693653376618,-36.722150054912056,2
34,4.687407516099167,0
104,3.987690508139685,0
81,-36.53184683199848,-34.20126583394677,1
58,3.150506972506768,0
82,-37.00193844932961,-31.390734881934257,1
58,3.208039624589986,0
83,-37.23121437506553,-28.570710853996484,2
59,3.3160495976387887,0
106,4.270365518378696,0
84,-36.72906627960601,-24.868779719136146,2
60,4.0318143772893835,0
107,3.58937468238421,0
85,-37.1375953221335,-22.916219791740772,1
61,3.465988570458206,0
86,-35.931646807716795,-20.170760780988378,2
62,4.524004843637395,0
118,4.310224131607592,0
87,-37.459785820160775,-16.508352925086115,1
63,3.4515397131756966,0
88,-37.0997525676534,-14.714234932890434,2
64,3.9343091636077903,0
89,4.280662099847912,0
89,-36.148219884809556,-10.540668883748006,1
88,4.280662099847912,0
90,-36.24290772672355,-7.927603248547909,1
66,4.36180142948129,0
91,-36.735401908117815,-4.951286277467881,1
68,2.4040227046982525,0
92,-36.65946098699204,-2.3665971834596977,1
68,4.21802233049713,0
93,-36.65946098699204,-0.39935346225363944,2
69,3.466944031383921,0
108,3.8685157846599485,0
94,-37.241561257784475,3.526582490932797,4
70,3.6288774492739595,0
73,4.92594816546038,0
96,4.392323732743088,0
109,3.6313794461346243,0
95,-37.1054975145667,4.965842888923349,2
70,4.886532952125591,0
110,4.603809286071611,0
96,-36.11344348438203,7.771562828054711,2
94,4.392323732743088,0
111,4.492121042952099,0
97,-37.23121437506553,10.975204754288528,1
73,3.327965170924062,0
98,-35.919570344515336,44.8357012724144,2
127,4.922788475847393,0
75,4.589638770173564,0
99,-36.24290772672355,47.401434875828706,1
112,3.962868677437738,0
100,-34.281968102802,-47.44443072776787,1
77,3.4911900542565433,0
101,-33.708317420233776,-44.63348560148909,1
77,2.332307624711191,0
102,-34.3354414409514,-41.58642856994158,1
77,3.3047771560923436,0
103,-34.321296307032576,-39.07247953640088,2
57,4.897254001216674,0
114,3.40639207404461,0
104,-33.54336732754387,-34.595954767659286,1
80,3.987690508139685,0
105,-34.13093077090399,-27.614199301886654,3
60,4.6781847537988295,0
115,2.4890634838625223,0
116,3.0377924610522067,0
106,-33.841272779489664,-25.973728443747557,2
83,4.270365518378696,0
117,4.637976616379441,0
107,-34.11699509791439,-22.40693188624377,1
84,3.58937468238421,0
108,-33.708317420233776,2.1018794386463355,2
93,3.8685157846599485,0
119,2.6208329188595916,0
109,-34.54734889423768,5.961358953345845,3
94,3.6313794461346243,0
120,4.105414228347499,0
121,4.730388166425707,0
110,-33.53650885406323,7.874000361227218,2
95,4.603809286071611,0
122,4.2618876503942476,0
111,-34.2270114002681,11.848390694982454,1
96,4.492121042952099,0
112,-33.316682292596155,44.72907021821121,2
146,4.308410716460032,0
99,3.962868677437738,0
113,-34.466517204364145,48.55427304792363,1
128,4.612883540464527,0
114,-31.835229552878985,-36.74375047186671,2
103,3.40639207404461,0
130,3.3547013168523176,0
115,-31.64298779259944,-27.53952157158553,2
105,2.4890634838625223,0
131,4.819000478587234,0
116,-31.478486626902043,-26.133414679000726,2
105,3.0377924610522067,0
132,4.054046235268869,0
117,-30.27251152098593,-23.01150458760749,1
106,4.637976616379441,0
118,-31.64298779259944,-19.74013807287251,2
86,4.310224131607592,0
133,2.8415821373683317,0
119,-31.121783278214185,2.524497848970664,3
108,2.6208329188595916,0
134,3.1163802515483185,0
135,4.250680989874591,0
120,-30.448308857530414,6.19004381027562,3
109,4.105414228347499,0
136,3.247393898738042,0
149,4.26373625541242,0
121,-30.991634749573873,9.081209771333477,2
109,4.730388166425707,0
137,4.217522674444252,0
122,-30.33291202949302,10.68481051671383,2
110,4.2618876503942476,0
138,3.5276186119881885,0
123,-31.059074188041222,23.03036950119135,1
140,3.652903453692671,0
124,-31.022379570682897,33.538040317776264,1
156,4.957963209633724,0
125,-30.55986599774392,36.58344784346796,1
143,3.1185939097082036,0
126,-31.013373108021014,39.123356866070445,1
143,3.821422954358687,0
127,-31.30740135913928,43.11472956193479,2
145,3.402320141698563,0
98,4.922788475847393,0
128,-31.71429614400414,44.852385179173496,2
145,4.693215384490223,0
113,4.612883540464527,0
129,-31.756559194524204,48.55427304792363,1
146,4.6764913041481915,0
130,-28.483871947374574,-36.89349400367498,1
114,3.3547013168523176,0
131,-27.67763164951544,-24.801143169842998,1
115,4.819000478587234,0
132,-28.688382617421986,-23.192222659770938,1
116,4.054046235268869,0
133,-28.822241428497886,-20.083618775123234,1
118,2.8415821373683317,0
134,-28.06125859670436,3.1118772375344292,2
119,3.1163802515483185,0
148,3.075344716919518,0
135,-28.414426403545885,5.801464072609158,2
119,4.250680989874591,0
150,4.023252708949038,0
136,-27.612049925422113,7.771562828054711,2
120,3.247393898738042,0
151,3.895655059696787,0
137,-27.70718612671781,11.726941192560945,2
121,4.217522674444252,0
152,3.297774757505654,0
138,-28.63490927927258,13.776877743002627,3
122,3.5276186119881885,0
139,3.500973420785783,0
153,4.2079661067741645,0
139,-28.23973225270137,17.255476600404677,3
138,3.500973420785783,0
140,2.9115833867378496,0
154,4.211769073586424,0
140,-28.885431737474033,20.094559197528643,4
139,2.9115833867378496,0
123,3.652903453692671,0
141,3.1442583920582643,0
155,4.923867097253451,0
141,-27.509382617728313,22.921722025537644,1
140,3.1442583920582643,0
142,-28.890766732239435,34.03675819025622,1
156,2.8179518120442353,0
143,-27.56925103661342,37.46767073840538,3
171,4.274004067627061,0
125,3.1185939097082036,0
126,3.821422954358687,0
144,-27.509382617728313,39.08201139468179,1
171,4.733830767518908,0
145,-28.18887275169792,41.7543760522993,3
173,4.945200706306208,0
127,3.402320141698563,0
128,4.693215384490223,0
146,-29.00846996569033,44.770415689599865,3
159,4.666648548354795,0
112,4.308410716460032,0
129,4.6764913041481915,0
147,-28.641708750897326,47.403412125933095,1
160,4.066005889991856,0
148,-25.16448870163491,2.079177231286675,2
134,3.075344716919518,0
163,3.3283111518047446,0
149,-26.184940553925625,6.1340298518692995,3
120,4.26373625541242,0
164,4.0006441500140655,0
165,4.495307678378314,0
150,-25.37068454419554,8.432471076344473,3
135,4.023252708949038,0
166,4.04767440755927,0
179,4.862570421662662,0
151,-24.912807174214507,10.580515820576013,2
136,3.895655059696787,0
180,4.690039444046238,0
152,-25.44128426105899,14.122981068365466,2
137,3.297774757505654,0
167,3.4437369016092294,0
153,-25.81817933913262,16.903059311638597,2
138,4.2079661067741645,0
168,4.756358901262612,0
154,-25.01973466965505,19.97036412927119,2
139,4.211769073586424,0
169,4.574081471241312,0
155,-24.854102237750737,22.921722025537644,1
140,4.923867097253451,0
156,-26.076760658943563,33.88768695071841,3
170,3.64415679905138,0
124,4.957963209633724,0
142,2.8179518120442353,0
157,-24.62583338024794,36.10189498728789,1
170,2.5733212282463014,0
158,-24.801250034001,38.93282389063898,1
170,4.868783434565212,0
159,-25.237729184939653,42.021029823948105,2
172,3.421994797614547,0
146,4.666648548354795,0
160,-25.84202805485513,44.45482061511693,4
173,3.7610824043389273,0
147,4.066005889991856,0
161,2.859794932770893,0
175,4.33969046507516,0
161,-25.44128426105899,47.286398173517185,1
160,2.859794932770893,0
162,-22.0601273031884,-37.05019497634139,1
176,3.077363465193464,0
163,-21.8623237941989,2.495544914141581,1
148,3.3283111518047446,0
164,-22.1843523342301,6.1551843188951745,4
149,4.0006441500140655,0
177,4.565273471079114,0
178,2.6989426733440527,0
195,4.753282632337053,0
165,-22.45443474035893,8.6422398706341,1
149,4.495307678378314,0
166,-21.9957964255585,10.667151880462326,1
150,4.04767440755927,0
167,-22.79928947494265,16.331869340243248,2
152,3.4437369016092294,0
181,4.888347946424087,0
168,-22.54181392816851,20.35101228281701,2
153,4.756358901262612,0
182,3.5532541862960874,0
169,-21.8666430657347,23.28400784017918,1
154,4.574081471241312,0
170,-22.51040053722108,34.63665574730476,4
183,2.4558524975646163,0
156,3.64415679905138,0
157,2.5733212282463014,0
158,4.868783434565212,0
171,-23.34213876133725,36.83629717045833,3
183,4.413389033967339,0
143,4.274004067627061,0
144,4.733830767518908,0
172,-23.007898391607924,39.425282719931495,2
184,4.858913947599552,0
159,3.421994797614547,0
173,-23.24370790871002,41.735542536220926,4
185,4.039600245254348,0
145,4.945200706306208,0
160,3.7610824043389273,0
174,4.191940910900036,0
174,-22.611419220782484,45.87952366740339,1
173,4.191940910900036,0
175,-23.285970959230085,47.961882841050354,1
160,4.33969046507516,0
176,-18.990470337128563,-37.26784609080638,3
162,3.077363465193464,0
191,3.016133424071009,0
208,4.355434943981498,0
177,-20.147668289144722,2.069399208756192,2
164,4.565273471079114,0
194,3.8638747566514904,0
178,-19.52908144062644,5.67162663300984,1
164,2.6989426733440527,0
179,-20.53788173039621,8.969693626654752,2
150,4.862570421662662,0
196,4.224874913778512,0
180,-20.22315454169666,10.640750138269109,1
151,4.690039444046238,0
181,-19.630905328594224,20.054407123325717,3
167,4.888347946424087,0
197,2.7123662353369102,0
198,3.9021328324322124,0
182,-19.562820997877076,22.28781801228611,1
168,3.5532541862960874,0
183,-20.24235983085169,33.69474129044267,3
199,4.935830918256288,0
170,2.4558524975646163,0
171,4.413389033967339,0
184,-19.236597891423692,36.361569729540975,2
199,2.717430090134768,0
172,4.858913947599552,0
185,-19.517429878105496,40.1756636370454,5
199,4.290160443568047,0
173,4.039600245254348,0
186,1.6652848888834535,0
201,3.162652053575691,0
202,4.758306275986958,0
186,-19.246558243631572,41.818771155980485,2
185,1.6652848888834535,0
187,3.639692982147123,0
187,-19.72826192362407,45.42644721806986,1
186,3.639692982147123,0
188,-19.360822922465392,47.371182767011675,1
202,3.4077758509735085,0
189,-16.383514002456614,-47.385505001509074,2
190,4.6011137638844675,0
204,3.239094199705544,0
190,-16.76629848360435,-42.80034154649468,4
191,3.9645687914097665,0
189,4.6011137638844675,0
205,4.4309963986960454,0
220,4.826440017875779,0
191,-16.423028831866866,-38.85066160401626,5
176,3.016133424071009,0
190,3.9645687914097665,0
206,3.75793228419873,0
207,3.0637211955702663,0
221,4.833445614455192,0
192,-17.408207018498587,-24.78972723994211,1
210,4.615089301793501,0
193,-16.17634461031217,-22.920146646640138,1
210,2.8597858087252845,0
194,-16.350762079874638,2.7856612928391744,2
177,3.8638747566514904,0
225,4.752940672601485,0
195,-17.576958262859936,4.986588728461876,4
164,4.753282632337053,0
211,4.035768932506625,0
212,3.6590991711595815,0
213,4.752779195834677,0
196,-16.317932278363287,9.17364131446221,2
179,4.224874913778512,0
214,2.5078421206101686,0
197,-16.945614605642543,20.436695401756225,2
181,2.7123662353369102,0
215,3.001139899116401,0
198,-17.2309341963625,23.131220280863857,1
181,3.9021328324322124,0
199,-16.602190856955634,37.028147460578445,5
216,3.9092323317448563,0
183,4.935830918256288,0
184,2.717430090134768,0
185,4.290160443568047,0
200,3.2858610853887593,0
200,-16.946454033396016,40.29592437123489,1
199,3.2858610853887593,0
201,-16.946454033396016,42.01752444012117,1
185,3.162652053575691,0
202,-17.52812378143906,44.49817909333502,3
185,4.758306275986958,0
188,3.4077758509735085,0
203,3.1771020569852872,0
203,-17.17581862732615,47.655687376599786,1
202,3.1771020569852872,0
204,-13.396054830440583,-48.637231381395424,1
189,3.239094199705544,0
205,-13.45160397778989,-45.74083970469522,3
190,4.4309963986960454,0
218,3.202853886654998,0
232,4.949458365352696,0
206,-13.915762174347666,-41.6498880973025,2
191,3.75793228419873,0
219,4.062001354147305,0
207,-13.396054830440583,-39.32375351778764,1
191,3.0637211955702663,0
208,-14.642979080947883,-37.00491391573522,1
176,4.355434943981498,0
209,-14.584677606733882,-24.65831594257154,1
210,2.3874256473718423,0
210,-13.331715733189116,-22.626103413043182,5
224,3.1467414878633613,0
192,4.615089301793501,0
193,2.8597858087252845,0
209,2.3874256473718423,0
222,3.7795170448301856,0
211,-14.076566897136718,2.977934660844455,2
195,4.035768932506625,0
226,3.681844845480449,0
212,-14.147166614000168,6.2615538220203355,2
195,3.6590991711595815,0
227,4.541490453460501,0
213,-13.725617022596229,7.771562828054711,1
195,4.752779195834677,0
214,-14.278899691992315,10.633647551991288,1
196,2.5078421206101686,0
215,-14.366224888551043,21.970836653867984,3
197,3.001139899116401,0
228,2.9407160163622397,0
229,2.5421886746147426,0
216,-13.778661445190929,34.32448714825018,2
231,3.5683800765859424,0
199,3.9092323317448563,0
217,-14.072196637432778,35.961530172463156,1
231,3.2054253529823016,0
218,-10.820488796810299,-47.56717645449788,1
205,3.202853886654998,0
219,-11.528759803796738,-44.93653908030614,1
206,4.062001354147305,0
220,-11.944255266885792,-43.00630868526031,3
190,4.826440017875779,0
233,4.431059728399235,0
234,4.259826226717692,0
221,-11.590173743447252,-38.775108958577604,2
191,4.833445614455192,0
235,3.9107309422752414,0
222,-11.747206146833747,-26.05744112054296,1
210,3.7795170448301856,0
223,-11.819449669183173,-22.920146646640138,1
224,2.873646479284906,0
224,-11.505171827883826,-20.063737445146984,3
237,4.559593639627904,0
210,3.1467414878633613,0
223,2.873646479284906,0
225,-11.638776106150445,2.163059316697173,3
194,4.752940672601485,0
243,3.3789593445981323,0
244,3.7547078997429737,0
226,-11.283822041018684,5.37721739424984,3
211,3.681844845480449,0
245,3.3662540112994055,0
246,4.4088916338933135,0
227,-10.508186321424406,8.978713730659884,1
212,4.541490453460501,0
228,-11.819449669183173,20.500548698771045,3
215,2.9407160163622397,0
247,3.7452326418959205,0
248,3.7539241313194576,0
229,-11.949590261651196,22.75988692945763,1
215,2.5421886746147426,0
230,-11.725830616251145,34.212206256352175,1
231,2.371495976489322,0
231,-10.902087610831519,36.436040923661615,4
263,4.978788350528032,0
216,3.5683800765859424,0
217,3.2054253529823016,0
230,2.371495976489322,0
232,-8.948242183792868,-47.79434175308175,3
205,4.949458365352696,0
250,3.3378005587684467,0
251,4.5958138051392625,0
233,-8.434144276565249,-45.710640608725406,1
220,4.431059728399235,0
234,-7.684656909659703,-42.96224830681558,3
220,4.259826226717692,0
265,4.482199280122509,0
266,4.454861325706211,0
235,-7.952440596572749,-40.21062769931195,2
221,3.9107309422752414,0
252,3.773883742288711,0
236,-7.9129257671625,-19.47500464138016,1
238,4.696944399343609,0
237,-8.902301204486442,-16.320081654827828,2
255,3.716096574127985,0
224,4.559593639627904,0
238,-7.936047626813029,-14.778117153891067,2
239,4.094626095664351,0
236,4.696944399343609,0
239,-7.942480244364869,-10.683496111019466,2
240,2.5087280112448673,0
238,4.094626095664351,0
240,-7.748996006911169,-8.182240409524397,3
241,2.835744844479708,0
239,2.5087280112448673,0
256,4.267950151281558,0
241,-7.996959385045595,-5.357357582556629,3
242,3.0540672700489178,0
240,2.835744844479708,0
257,4.475990422328338,0
242,-8.268703350818253,-2.3154039163989415,3
243,2.631201949888375,0
241,3.0540672700489178,0
258,3.7325702685858686,0
243,-8.853550642085901,0.2499766298345567,3
225,3.3789593445981323,0
242,2.631201949888375,0
259,4.629396400741518,0
244,-7.936047626813029,2.7856612928391744,1
225,3.7547078997429737,0
245,-7.996959385045595,6.103991051834418,1
226,3.3662540112994055,0
246,-8.631840868462902,8.899336259340016,2
226,4.4088916338933135,0
260,4.122880926877466,0
247,-8.078558199066816,20.320275154585072,2
228,3.7452326418959205,0
261,2.6054066767268216,0
248,-9.246994258761337,23.23448716645717,2
228,3.7539241313194576,0
262,4.6351284474142895,0
249,-7.966825809020688,36.10929447887428,1
263,2.0270910260107793,0
250,-5.610614864800539,-47.82834836466002,2
232,3.3378005587684467,0
264,3.518384549582951,0
251,-4.921147323610661,-45.57984146665082,2
232,4.5958138051392625,0
286,4.982600948722736,0
252,-5.445173939053544,-43.03123267137087,1
235,3.773883742288711,0
253,-5.709577945369521,-19.142668416412697,3
255,4.990122620242471,0
267,3.9434982478610854,0
268,3.6798129248958755,0
254,-4.87282327830503,-17.654778297071047,1
255,3.641795792704985,0
255,-5.881700980267325,-14.155515177749065,5
257,4.9912130800501755,0
237,3.716096574127985,0
253,4.990122620242471,0
254,3.641795792704985,0
269,4.562348115118772,0
256,-5.636763217489271,-11.89086160036005,2
240,4.267950151281558,0
270,3.6153857415127755,0
257,-5.651496958583718,-9.169613642533527,3
241,4.475990422328338,0
255,4.9912130800501755,0
271,2.7934446053542525,0
258,-5.709577945369521,-5.032563825038483,2
242,3.7325702685858686,0
272,4.280856897748985,0
259,-4.88143603404695,-2.1277568657031782,4
243,4.629396400741518,0
273,3.5028226314718585,0
274,2.551071049782352,0
298,4.432783205918811,0
260,-4.8672980781506,10.580515820576013,1
246,4.122880926877466,0
261,-5.991717282621031,21.880159426119477,3
247,2.6054066767268216,0
275,3.9509486381187937,0
276,4.7355692608149775,0
262,-4.882226963253343,24.794366065632694,3
248,4.6351284474142895,0
277,4.673025311704818,0
301,4.332779238381145,0
263,-5.943114919917839,35.99228052645837,3
279,3.9197248965637685,0
231,4.978788350528032,0
249,2.0270910260107793,0
264,-2.1019371833817564,-47.56717645449788,2
250,3.518384549582951,0
285,2.0178231292126463,0
265,-3.4736670315916762,-44.49772042754567,2
234,4.482199280122509,0
287,4.692895216191126,0
266,-3.2299440450149715,-42.9986175911312,2
234,4.454861325706211,0
288,3.915962891353063,0
267,-2.827967546819015,-21.834786530806834,2
253,3.9434982478610854,0
291,2.949096678216214,0
268,-2.2578587631843865,-20.418073391142656,1
253,3.6798129248958755,0
269,-2.621644527288841,-17.34723136922367,2
255,4.562348115118772,0
292,3.918373299617462,0
270,-2.4314993755374017,-13.563374010899901,1
256,3.6153857415127755,0
271,-3.348861433889058,-10.751132660312612,1
257,2.7934446053542525,0
272,-2.7824492500778932,-8.156288105477683,2
258,4.280856897748985,0
295,4.634000797413158,0
273,-2.912775359474493,-5.025021357589163,3
259,3.5028226314718585,0
296,4.813968276618454,0
297,3.8168094386487486,0
274,-2.7824492500778932,-3.577659614773221,1
259,2.551071049782352,0
275,-2.057906622282247,22.247758160689784,3
261,3.9509486381187937,0
299,3.0405389072388753,0
300,2.681513347025404,0
276,-3.5999354352319233,25.967333978114493,3
261,4.7355692608149775,0
278,4.886771923776863,0
302,3.69882340791742,0
277,-2.8237800703941605,28.98959692377534,3
262,4.673025311704818,0
303,4.068673652254809,0
304,4.872225680886225,0
278,-3.4736670315916762,30.852474316452376,2
276,4.886771923776863,0
279,3.9055077039759905,0
279,-2.2889888032836163,34.573969704221746,3
278,3.9055077039759905,0
263,3.9197248965637685,0
281,4.464667489837704,0
280,-2.148756733013765,36.01942317257108,1
304,3.1795043306104325,0
281,-3.2552423809570277,38.93282389063898,3
279,4.464667489837704,0
282,3.670028060665429,0
307,4.459068025516922,0
282,-2.98478204493349,42.59287268439975,3
281,3.670028060665429,0
283,3.075902553599744,0
308,3.715015947388139,0
283,-2.4314993755374017,45.618604795309004,3
282,3.075902553599744,0
284,2.65397119134813,0
309,3.954549658910093,0
284,-2.7771080458155684,48.249976629834556,1
283,2.65397119134813,0
285,-0.23464215673791888,-48.33191135252249,1
264,2.0178231292126463,0
286,0.0010149464154516341,-44.80612911587433,4
251,4.982600948722736,0
310,4.245711174935386,0
311,2.762634429749801,0
312,3.7154925936816934,0
287,0.2619093627460862,-41.65716863040906,4
265,4.692895216191126,0
289,4.326210128583639,0
313,3.0741234474735855,0
318,4.93279596350902,0
288,-0.4530884997749285,-40.23748763270406,2
266,3.915962891353063,0
314,4.309232587557211,0
289,0.441785531750271,-37.3346995859295,1
287,4.326210128583639,0
290,-0.0011938367669092065,-27.920993987830627,0
291,0.07783475689656572,-22.33825866428309,1
267,2.949096678216214,0
292,0.04545042139074962,-20.21781560416311,1
269,3.918373299617462,0
293,-0.4670305479103529,-16.735518223669985,1
295,4.840537888987382,0
294,0.010295606040135019,-13.363344252695246,1
296,4.79989431175932,0
295,-0.06726515082983231,-11.911516287308487,2
272,4.634000797413158,0
293,4.840537888987382,0
296,0.3389856136325995,-8.574717280068505,2
273,4.813968276618454,0
294,4.79989431175932,0
297,0.7648318602760629,-6.046412285783045,1
273,3.8168094386487486,0
298,-0.4650975340766433,-2.5092292819482713,1
259,4.432783205918811,0
299,-0.005277562807783243,20.004637390282102,1
275,3.0405389072388753,0
300,0.6232441922249463,22.20366575609675,1
275,2.681513347025404,0
301,-0.7764060234672203,26.178277312411367,1
262,4.332779238381145,0
302,-0.4530884997749285,27.91120870858525,1
276,3.69882340791742,0
303,0.47362885024852086,31.3731236592282,2
277,4.068673652254809,0
305,4.657082856682719,0
304,-0.5253320221243549,33.28560898787525,2
277,4.872225680886225,0
280,3.1795043306104325,0
305,-0.17913228589882646,35.984232379822814,2
303,4.657082856682719,0
306,3.739599038245912,0
306,0.13380055375871558,39.71071517257976,1
305,3.739599038245912,0
307,0.2472760042474409,41.692471081403056,1
281,4.459068025516922,0
308,-0.023183926664837484,44.8357012724144,2
282,3.715015947388139,0
315,3.773572182467325,0
309,0.7215922283829463,48.00533400954193,2
283,3.954549658910093,0
321,4.877297488360051,0
310,3.351637402693957,-47.41369359953593,3
286,4.245711174935386,0
316,2.998615271927784,0
317,2.333685358017479,0
311,2.7605696629622902,-44.93653908030614,1
286,2.762634429749801,0
312,2.8245443581801615,-42.39105833542023,2
286,3.7154925936816934,0
319,3.2738010756364972,0
313,2.794009856588071,-39.91398130272679,2
287,3.0741234474735855,0
320,4.40170049774673,0
314,2.398035772453389,-37.006299634772716,1
288,4.309232587557211,0
315,2.8722790286211315,47.25564781952197,1
308,3.773572182467325,0
316,6.120687673777934,-48.56436911645992,1
310,2.998615271927784,0
317,5.011277031257709,-45.7730584623022,1
310,2.333685358017479,0
318,5.193970323754485,-41.74231964043123,2
287,4.93279596350902,0
322,4.689903096106503,0
319,4.982062870468202,-39.92876522695953,2
312,3.2738010756364972,0
323,4.882966982842236,0
320,6.372970323448158,-37.35155876760179,1
313,4.40170049774673,0
321,5.594293840761311,47.793650787040605,2
309,4.877297488360051,0
324,2.8776723857557234,0
322,8.98873587401549,-38.98642677795968,3
318,4.689903096106503,0
325,2.8779986490867437,0
326,2.9972019923938777,0
323,9.151390840852157,-37.38709828754724,1
319,4.882966982842236,0
324,8.469394398527214,47.67201550237687,3
321,2.8776723857557234,0
350,4.209700835884578,0
351,2.528832900522118,0
325,11.851780115190442,-39.27943513487133,3
322,2.8779986490867437,0
352,2.2367001780717257,0
373,4.656544017015721,0
326,11.468153168001523,-37.30247022700808,1
322,2.9972019923938777,0
327,11.34053901300796,-27.499451301228955,2
329,4.752381880544715,0
374,4.937906256788163,0
328,11.529742088785323,-26.008508659183583,1
329,3.250496876909208,0
329,12.081805978985917,-22.805236050126855,4
355,4.248104612869649,0
327,4.752381880544715,0
328,3.250496876909208,0
353,4.200131940943424,0
330,11.851780115190442,-20.116021686889866,1
356,4.4772171735185164,0
331,12.044893855267839,-16.3856071983561,1
357,2.8368881498710987,0
332,10.584635092724398,-13.787793743647828,1
358,3.851838840450784,0
333,10.841029147283898,-10.964264331883118,1
334,2.44631234619034,0
334,12.08042965548466,-8.855157773315018,2
335,3.3094962506971344,0
333,2.44631234619034,0
335,11.288840084251042,-5.641724813987476,3
336,3.1795725848728544,0
334,3.3094962506971344,0
359,4.245802484660495,0
336,10.868624007747504,-2.4900426803447098,3
362,3.739792100979355,0
335,3.1795725848728544,0
360,4.557168531900256,0
337,10.827087099148473,0.43282354550211877,1
362,3.4525586989535477,0
338,11.797880073332255,3.1570161431847032,1
385,4.971025859361747,0
339,10.517711623591605,6.325808984219039,1
364,3.7388724483715414,0
340,11.968890325809765,8.912722442367821,1
364,4.190301185622422,0
341,10.827087099148473,10.69320831877745,1
365,4.761111949893466,0
342,11.30441325309896,21.90994379921737,2
343,2.879514340320349,0
366,3.4414953798174226,0
343,11.468153168001523,24.784798939285864,3
344,2.7814657522748183,0
342,2.879514340320349,0
367,4.403145669126262,0
344,11.241352664290723,27.557002622746776,2
345,2.910159025647392,0
343,2.7814657522748183,0
345,10.855174281202721,30.4414248891621,2
346,3.116298348520161,0
344,2.910159025647392,0
346,11.204871699349036,33.538040317776264,2
347,2.8040579575073,0
345,3.116298348520161,0
347,11.884532037772418,36.2584819829171,2
348,3.0032428955888837,0
346,2.8040579575073,0
348,10.517711623591605,38.932667811404656,3
349,3.331354602743548,0
347,3.0032428955888837,0
368,4.057007846281905,0
349,11.93058913960747,41.94957029805507,5
350,2.639904679570578,0
348,3.331354602743548,0
369,3.044076019949887,0
390,4.942837808747815,0
391,4.487335547099572,0
350,11.231598525218711,44.49525465362924,4
324,4.209700835884578,0
349,2.639904679570578,0
370,3.3855234827677143,0
371,3.0263113806836475,0
351,10.998061550670393,47.70096843720595,2
324,2.528832900522118,0
372,3.780225497300598,0
352,14.088127503646897,-39.23971052373311,1
325,2.2367001780717257,0
353,14.79844966438157,-26.008508659183583,1
329,4.200131940943424,0
354,13.481865266551832,-21.826446908653452,3
355,2.781486642181441,0
375,4.639287786667307,0
376,4.239294164659691,0
355,14.253322508424699,-19.154084346313585,4
357,4.652679836282482,0
329,4.248104612869649,0
354,2.781486642181441,0
377,3.3309226435543096,0
356,14.055127936983421,-16.21849272676022,2
358,4.75240408827264,0
330,4.4772171735185164,0
357,14.166396675679957,-14.50221659684443,4
380,4.490397918851421,0
331,2.8368881498710987,0
355,4.652679836282482,0
378,3.5700624805515058,0
358,13.669878879585944,-11.481729297792626,3
381,4.219575396524611,0
332,3.851838840450784,0
356,4.75240408827264,0
359,13.669878879585944,-9.15704741566422,1
335,4.245802484660495,0
360,13.408164504489108,-6.274024590125906,1
336,4.557168531900256,0
361,13.46217444423116,-3.122560974558749,1
362,2.5771130076088657,0
362,14.112369496015752,-0.6288172329883273,4
384,3.136019035265304,0
336,3.739792100979355,0
337,3.4525586989535477,0
361,2.5771130076088657,0
363,13.344471210780263,2.6171801988053174,1
384,4.054353616687589,0
364,14.117396400194078,5.31514747100692,3
387,4.268882144445902,0
339,3.7388724483715414,0
340,4.190301185622422,0
365,14.621409485096965,7.817220726504405,2
387,2.9430554134725244,0
341,4.761111949893466,0
366,14.0944631321587,19.895120699870084,1
342,3.4414953798174226,0
367,14.868423267032549,21.987325965836273,3
343,4.403145669126262,0
388,2.13625619419727,0
405,4.739317851653848,0
368,13.341241035356315,36.01942317257108,1
348,4.057007846281905,0
369,13.669878879585944,39.45131690505436,2
349,3.044076019949887,0
389,3.9399996657504235,0
370,14.184835838661428,42.83991220481048,1
350,3.3855234827677143,0
371,13.938514772924709,45.84846010763859,2
350,3.0263113806836475,0
392,2.9366191510865143,0
372,14.683317707403853,48.542984986746205,1
351,3.780225497300598,0
373,16.493408291350654,-39.651846274179114,3
325,4.656544017015721,0
393,3.9180479496178977,0
394,4.825512478516562,0
374,16.276180517527035,-27.64898771718299,1
327,4.937906256788163,0
375,16.706534313850327,-25.161788076047795,2
354,4.639287786667307,0
395,3.0147363218860916,0
376,17.57764796313689,-22.920146646640138,1
354,4.239294164659691,0
377,17.345059430475793,-20.393523115341267,1
355,3.3309226435543096,0
378,16.986626891978997,-16.691199840753676,1
357,3.5700624805515058,0
379,16.505678005986262,-14.81667246606294,1
380,3.8419296523837985,0
380,16.982256632275057,-11.004416406086042,4
397,3.580876316212028,0
357,4.490397918851421,0
379,3.8419296523837985,0
396,4.961541794446237,0
381,16.936738335533935,-8.811065368721986,2
382,3.569379121527711,0
358,4.219575396524611,0
382,17.66708797050699,-5.317205508353705,2
383,2.6797747068987205,0
381,3.569379121527711,0
383,17.50684711916856,-2.642226003890828,3
384,3.425978811205732,0
382,2.6797747068987205,0
398,4.342244642991451,0
384,16.935898907780462,0.7358428164181028,4
401,3.433802164185467,0
362,3.136019035265304,0
363,4.054353616687589,0
383,3.425978811205732,0
385,16.69259864086073,2.289359391274602,2
401,2.8152765069794623,0
338,4.971025859361747,0
386,16.878216721785826,4.993691314739695,1
401,3.096211377642247,0
387,17.56442066281319,7.8333568538987,3
410,4.541138808301317,0
364,4.268882144445902,0
365,2.9430554134725244,0
388,16.534761837337978,23.324078110535755,2
367,2.13625619419727,0
404,4.632254602197848,0
389,17.07685192018941,37.47239495947019,1
369,3.9399996657504235,0
390,16.534761837337978,40.15144923064613,1
349,4.942837808747815,0
391,16.357012207400572,42.68642790789059,1
349,4.487335547099572,0
392,16.243440805475807,47.66808864747751,1
371,2.9366191510865143,0
393,20.401177374901586,-39.93546666334132,4
373,3.9180479496178977,0
406,1.8209679143496074,0
407,3.435645725345588,0
413,4.494813333669861,0
394,20.40662338142923,-36.828316862414404,1
373,4.825512478516562,0
395,19.71194089958484,-24.924793677542464,2
375,3.0147363218860916,0
408,3.747407213205532,0
396,20.26846830862637,-14.721634424476822,1
380,4.961541794446237,0
397,19.31693770311535,-8.289284827420241,2
399,4.907355098398534,0
380,3.580876316212028,0
398,19.69744073152311,-6.391411004007441,1
383,4.342244642991451,0
399,20.238334732601462,-3.469205826425314,2
400,3.2628740080683474,0
397,4.907355098398534,0
400,20.227680508570565,-0.20634921295939257,2
401,3.4707937997435683,0
399,3.2628740080683474,0
401,19.370835667640716,3.1570161431847032,5
409,4.16979892561316,0
384,3.433802164185467,0
385,2.8152765069794623,0
386,3.096211377642247,0
400,3.4707937997435683,0
402,19.420047423261316,5.3229734144676035,1
409,3.699612126853606,0
403,19.109233267760565,8.969693626654752,1
410,2.998295502320322,0
404,19.765720828768394,20.004637390282102,1
388,4.632254602197848,0
405,19.603453249184156,22.188881831864013,2
367,4.739317851653848,0
412,3.7864631833092033,0
406,22.20527288732587,-40.182779273495605,1
393,1.8209679143496074,0
407,22.194365079405426,-37.00491391573522,1
393,3.435645725345588,0
408,23.367996039496457,-25.747181442231778,4
395,3.747407213205532,0
414,3.473735992469258,0
415,1.9422052204379507,0
425,4.161651785541607,0
409,23.10638293283902,5.00982744213399,3
416,3.093283363321933,0
401,4.16979892561316,0
402,3.699612126853606,0
410,22.062903271993296,8.454320533323239,3
417,4.174511297484097,0
387,4.541138808301317,0
403,2.998295502320322,0
411,22.339657464390136,10.942801842521899,1
417,4.992888578819526,0
412,23.374166619752064,21.843883113639617,4
405,3.7864631833092033,0
418,2.486185974863665,0
419,1.5343303544637452,0
428,4.859950409470307,0
413,24.886432683758006,-40.228437171945295,3
393,4.494813333669861,0
422,3.4604327111415203,0
423,4.837895782438152,0
414,26.186000251106737,-27.778361889342055,2
408,3.473735992469258,0
424,2.305165710314719,0
415,24.976266241280378,-24.65831594257154,1
408,1.9422052204379507,0
416,26.199453037809455,5.046149495248035,2
426,2.2056439857421792,0
409,3.093283363321933,0
417,26.17738749536482,7.7489382621757485,3
426,2.8598881228484454,0
410,4.174511297484097,0
411,4.992888578819526,0
418,25.388580779217524,20.386743348293184,2
412,2.486185974863665,0
435,4.9035308826728485,0
419,24.756292091289986,22.510140434466127,1
412,1.5343303544637452,0
420,25.93987269681161,44.46839472023713,1
437,4.5686677625199605,0
421,25.910722237550203,48.69161676304527,1
438,4.745838195465814,0
422,28.313128874543622,-39.74641252071509,1
413,3.4604327111415203,0
423,28.5811382047603,-37.10523581519482,1
413,4.837895782438152,0
424,28.470918559373555,-27.473505732182865,1
414,2.305165710314719,0
425,27.458888094179837,-24.983016681836457,2
408,4.161651785541607,0
431,3.6048704968766105,0
426,28.271738076375925,5.801464072609158,3
432,3.5489438413078873,0
416,2.2056439857421792,0
417,2.8598881228484454,0
427,28.956886346030004,8.071234773040484,1
432,4.125479781823789,0
428,28.182529134878955,22.550118135168002,2
412,4.859950409470307,0
436,2.9616816339929484,0
429,28.763402108576305,44.5798827141684,1
437,1.8288235673549762,0
430,28.84580878952841,47.589611756601165,1
437,2.740791691773811,0
431,31.05857287078231,-24.78972723994211,2
425,3.6048704968766105,0
439,3.6487821214599476,0
432,31.733596208162705,5.020093056932913,3
443,3.3135602022933077,0
426,3.5489438413078873,0
427,4.125479781823789,0
433,31.682067721636713,8.454320533323239,1
444,3.681036876314601,0
434,31.682067721636713,10.580515820576013,1
445,3.298213521649119,0
435,30.285647681368495,20.13504735471391,2
418,4.9035308826728485,0
446,4.420860575657329,0
436,31.12601230924966,22.877936535090427,1
428,2.9616816339929484,0
437,30.423041737140064,45.34812222357528,4
447,3.661354018415674,0
420,4.5686677625199605,0
429,1.8288235673549762,0
430,2.740791691773811,0
438,30.593725995335124,47.92190514034848,2
447,4.316727524180096,0
421,4.745838195465814,0
439,34.64718480145254,-25.44963282480789,3
431,3.6487821214599476,0
449,2.4714557701672057,0
450,3.90274767079339,0
440,34.47276733189007,-20.21781560416311,2
450,2.4439593844815892,0
452,4.513840615845534,0
441,33.79310699346669,-13.351134452294525,1
452,4.141098955162688,0
442,34.66828426681089,-0.744352180478035,1
443,4.214137982241778,0
443,34.66211368655529,3.4697812841042284,4
475,4.6527784328169055,0
432,3.3135602022933077,0
442,4.214137982241778,0
445,4.504570704890651,0
444,34.286235901064025,5.852717070447661,2
476,4.565832826238851,0
433,3.681036876314601,0
445,33.48273777955095,7.817220726504405,2
443,4.504570704890651,0
434,3.298213521649119,0
446,34.22819702828972,22.13512557230748,4
435,4.420860575657329,0
458,2.5720129399935865,0
459,2.393404006099125,0
460,3.591999388641379,0
447,34.08423782565234,45.38212883515355,5
466,4.87057903191115,0
437,3.661354018415674,0
438,4.316727524180096,0
448,3.0133937238801263,0
468,3.42793588964493,0
448,33.47593830792621,48.333486731419995,1
447,3.0133937238801263,0
449,36.00814668782875,-27.512610373819047,1
439,2.4714557701672057,0
450,36.25279385316626,-21.89246274805612,3
439,3.90274767079339,0
440,2.4439593844815892,0
451,2.299574075996149,0
451,36.28038871362987,-19.59305424701296,2
450,2.299574075996149,0
453,4.912387277714147,0
452,36.705631694311734,-16.294924598248713,3
440,4.513840615845534,0
441,4.141098955162688,0
473,4.184908850004273,0
453,36.95315835718863,-14.726954189168525,2
451,4.912387277714147,0
493,4.9288854870842576,0
454,37.209644779214614,0.17165163533997707,1
475,2.677997357135315,0
455,36.24743369359747,2.472213607227783,1
475,2.8800236624134077,0
456,37.209644779214614,6.382901639947516,1
475,4.709196026532561,0
457,36.322919946149405,8.454320533323239,1
476,4.220083883136402,0
458,36.23885180503083,20.531218488881947,2
446,2.5720129399935865,0
478,4.402221987565276,0
459,36.6166364052314,22.289203731323607,2
446,2.393404006099125,0
479,3.557975154990169,0
460,36.64292260413877,24.794366065632694,3
446,3.591999388641379,0
461,2.7811650221335733,0
480,4.741255251103009,0
461,36.705631694311734,27.57482402257952,3
460,2.7811650221335733,0
462,3.6979512961430583,0
481,4.765861322216427,0
462,36.95315835718863,31.264481776330015,2
461,3.6979512961430583,0
463,2.384233813018742,0
463,36.24743369359747,33.54187580774861,2
462,2.384233813018742,0
464,3.4663224050448855,0
464,35.95197888572159,36.99558359391396,2
463,3.4663224050448855,0
466,4.998898542282328,0
465,36.716177958981326,39.13005830245224,2
483,4.1571812841516085,0
485,4.52908303698933,0
466,37.37192543397483,41.78857206001067,4
464,4.998898542282328,0
447,4.87057903191115,0
467,3.4365908759086077,0
486,4.375684934541725,0
467,36.70689729935664,45.16020288626442,1
466,3.4365908759086077,0
468,36.752303718890325,47.534376230983305,1
447,3.42793588964493,0
469,40.294243624981945,-48.681215934606065,3
470,4.187628437281177,0
488,2.6381320532045085,0
489,4.0844581983948185,0
470,39.99238639092351,-44.504481068832014,4
469,4.187628437281177,0
471,1.55104800562196,0
472,4.666618219775371,0
490,3.6333282176005577,0
471,40.028369296373725,-42.95385050475196,2
470,1.55104800562196,0
491,4.203804314318609,0
472,39.56585572343475,-39.85739626232901,2
470,4.666618219775371,0
513,4.8503184110858815,0
473,40.0870742328375,-13.82929923305381,2
452,4.184908850004273,0
514,4.83904913261204,0
474,39.12299713145561,-0.6456764146606112,1
475,2.7151803627224758,0
475,39.099148415733104,2.069399208756192,6
496,4.830883083405551,0
443,4.6527784328169055,0
454,2.677997357135315,0
455,2.8800236624134077,0
456,4.709196026532561,0
474,2.7151803627224758,0
476,38.77550829748628,5.020093056932913,3
496,4.245380903657324,0
444,4.565832826238851,0
457,4.220083883136402,0
477,40.0950824132862,9.17364131446221,1
497,2.9284178267241954,0
478,40.294243624981945,22.24392267071744,5
458,4.402221987565276,0
499,2.93752597806359,0
500,2.3159311691285422,0
501,3.450826114628303,0
523,4.556037574309123,0
479,39.12979660308036,24.80777734022907,2
459,3.557975154990169,0
502,4.947224882097786,0
480,39.099148415733104,28.84978911613798,3
460,4.741255251103009,0
482,4.452343593248269,0
503,4.041924586449534,0
481,39.18475330561426,31.645129929875836,1
461,4.765861322216427,0
482,39.60724652160245,33.27304581083148,3
480,4.452343593248269,0
483,3.6545731964066572,0
505,4.136252550207417,0
483,40.21021437026392,36.877533988281165,5
482,3.6545731964066572,0
465,4.1571812841516085,0
484,3.13963568153898,0
506,2.9861172468486665,0
528,4.932446147955046,0
484,40.13992643658723,40.01638279304577,2
483,3.13963568153898,0
507,3.69081945339914,0
485,39.109748667215605,42.97497864241084,3
465,4.52908303698933,0
487,4.7420418690688635,0
508,4.515504596839509,0
486,39.00407974258153,45.84846010763859,2
466,4.375684934541725,0
509,4.191905418349691,0
487,39.499596775450826,47.70096843720595,1
485,4.7420418690688635,0
488,42.55482606094645,-47.321249839310376,3
469,2.6381320532045085,0
510,3.3814550124416036,0
511,3.543426952847816,0
489,42.85670360274402,-45.500555997297106,2
469,4.0844581983948185,0
512,4.215201097618682,0
490,43.13925318489643,-42.68835791282001,2
470,3.6333282176005577,0
533,4.441086600649492,0
491,43.13887250210501,-40.12599963877279,1
471,4.203804314318609,0
492,41.91744271186861,-27.727168622281297,0
493,41.87528722797184,-14.468962863360456,1
453,4.9288854870842576,0
494,42.55482606094645,0.43282354550211877,2
496,4.484192247399749,0
515,2.3134705040048265,0
495,42.69878526358384,3.4380244102556325,1
496,1.4897226778012147,0
496,43.018984257504236,4.892928620520895,7
518,4.6747594339085925,0
475,4.830883083405551,0
476,4.245380903657324,0
494,4.484192247399749,0
495,1.4897226778012147,0
516,2.7909611371279817,0
538,4.696083699319872,0
497,42.69878526358384,7.8333568538987,2
518,2.9979195110488157,0
477,2.9284178267241954,0
498,43.07453340485354,17.70768907711725,2
499,2.579151440309003,0
520,4.53096211888408,0
499,42.40169079332701,20.19752942785506,4
478,2.93752597806359,0
498,2.579151440309003,0
521,4.572176350711311,0
522,2.6807782001899123,0
500,42.39936254241973,23.209330109878056,2
478,2.3159311691285422,0
524,4.303033111308188,0
501,42.36323678251073,25.005709807246923,2
478,3.450826114628303,0
525,4.6232869819845455,0
502,42.30017619370249,28.605635590008028,3
479,4.947224882097786,0
504,4.639496223400748,0
526,3.577608251608081,0
503,41.91399781061449,31.75044029245704,2
480,4.041924586449534,0
527,4.394810787878243,0
504,42.29042205463048,33.245121559781055,2
502,4.639496223400748,0
543,4.942611205736923,0
505,42.32975724980576,36.38696946017089,2
482,4.136252550207417,0
529,3.9631935686589217,0
506,42.48861662607175,38.80776179158751,2
483,2.9861172468486665,0
530,4.167018653921348,0
507,43.027713855221535,42.31482401752095,2
484,3.69081945339914,0
531,3.9953500695613995,0
508,42.94538004502974,45.35777399610918,3
485,4.515504596839509,0
532,3.705363397894371,0
547,4.866178179300043,0
509,42.3940213381574,48.31430012981643,1
486,4.191905418349691,0
510,45.8183880873116,-48.206349212959395,1
488,3.3814550124416036,0
511,45.74214123681562,-45.7730584623022,1
488,3.543426952847816,0
512,44.74475761904298,-41.731846360710186,1
489,4.215201097618682,0
513,44.40329474019203,-40.21062769931195,1
472,4.8503184110858815,0
514,44.88671286246104,-14.445631556446658,2
473,4.83904913261204,0
537,2.7196342673776672,0
515,44.74097212363332,-0.32408540906180916,1
494,2.3134705040048265,0
516,44.495466478640914,2.524497848970664,1
496,2.7909611371279817,0
517,45.9641589201624,6.075806847575306,1
518,2.8002019155787576,0
518,45.52231467534855,8.840929707655093,5
520,4.675719531657683,0
496,4.6747594339085925,0
497,2.9979195110488157,0
517,2.8002019155787576,0
539,2.085285411021871,0
519,45.43837995098139,10.732153909193622,1
520,2.8354299013758832,0
520,44.466988033900876,13.395997085705162,3
498,4.53096211888408,0
518,4.675719531657683,0
519,2.8354299013758832,0
521,45.31214603783646,16.671335041308673,2
499,4.572176350711311,0
540,4.132111979436658,0
522,44.83181212914368,19.06568047511353,1
499,2.6807782001899123,0
523,44.83181212914368,21.834105091109134,2
478,4.556037574309123,0
541,3.4912832849622943,0
524,45.94209337771776,25.651696213811523,2
500,4.303033111308188,0
542,1.67611914615309,0
525,45.15328666157047,28.69222634595206,1
501,4.6232869819845455,0
526,45.175276751468395,30.73473812034996,1
502,3.577608251608081,0
527,45.927246796444315,33.54158362535557,2
503,4.394810787878243,0
544,3.1592724806436925,0
528,45.11395146639519,37.408935432109274,1
483,4.932446147955046,0
529,44.79350818144352,39.49129460575624,2
505,3.9631935686589217,0
545,3.709755384772934,0
530,45.515456201867906,41.67172524186453,2
506,4.167018653921348,0
546,4.334404793899902,0
531,45.675428119903145,45.306885405752446,1
507,3.9953500695613995,0
532,45.15328666157047,48.333486731419995,1
508,3.705363397894371,0
533,47.58033690250972,-42.693418309898455,1
490,4.441086600649492,0
534,47.97018501074494,-27.945592876674283,1
535,4.649396737386025,0
535,47.93748087815989,-23.29631116211582,2
534,4.649396737386025,0
536,2.8237222438654137,0
536,47.97048044482336,-20.472781750351114,1
535,2.8237222438654137,0
537,47.415835736812326,-13.445657539420244,1
514,2.7196342673776672,0
538,47.3642182077283,3.1118772375344292,1
496,4.696083699319872,0
539,47.33500404693879,7.810118140226586,1
518,2.085285411021871,0
540,47.93748087815989,13.480415677428114,1
521,4.132111979436658,0
541,47.976816073335165,23.350023679581845,1
523,3.4912832849622943,0
542,47.53490246592336,26.173553091346555,1
524,1.67611914615309,0
543,47.22359397653278,33.55044158865399,1
504,4.942611205736923,0
544,47.34452738540762,36.36511303712028,1
527,3.1592724806436925,0
545,47.568287030807674,41.95358771421695,1
529,3.709755384772934,0
546,47.838747366831214,45.33087583731505,1
530,4.334404793899902,0
547,47.413052689149175,47.286398173517185,1
508,4.866178179300043,0
